0 1307
1 660
2 1112
3 1733
4 1119
5 725
6 689
7 1048
8 519
9 157
10 1036
11 1717
12 1280
13 543
14 1294
15 593
16 97
17 1688
18 1611
19 1086
20 10
21 489
22 134
23 1083
24 193
25 136
26 1719
27 91
28 1758
29 1493
30 805
31 1675
32 1229
33 690
34 47
35 1500
36 1191
37 385
38 1585
39 244
40 556
41 1090
42 1652
43 759
44 747
45 1439
46 1631
47 1617
48 1023
49 1720
50 383
51 701
52 75
53 1447
54 880
55 312
56 1331
57 20
58 102
59 729
60 585
61 1486
62 1160
63 133
64 1707
65 1339
66 862
67 444
68 263
69 1263
70 1451
71 840
72 1346
73 1710
74 255
75 595
76 8
77 1479
78 1706
79 1491
80 1549
81 1545
82 913
83 1243
84 1249
85 199
86 1598
87 203
88 273
89 1743
90 789
91 692
92 177
93 1557
94 1541
95 1174
96 232
97 1530
98 103
99 322
100 970
101 754
102 553
103 538
104 130
105 1506
106 1667
107 1668
108 65
109 166
110 16
111 540
112 639
113 791
114 1246
115 589
116 700
117 1570
118 456
119 95
120 151
121 653
122 526
123 127
124 118
125 1329
126 495
127 1132
128 1766
129 5
130 1166
131 286
132 1380
133 621
134 329
135 1453
136 645
137 1462
138 1232
139 806
140 1325
141 1411
142 278
143 849
144 1587
145 358
146 1214
147 1634
148 379
149 323
150 915
151 1257
152 555
153 494
154 855
155 735
156 1456
157 1358
158 125
159 306
160 51
161 141
162 281
163 78
164 829
165 787
166 69
167 1604
168 1016
169 1068
170 638
171 63
172 1558
173 1144
174 279
175 1427
176 895
177 476
178 269
179 971
180 1590
181 101
182 458
183 1345
184 86
185 1223
186 1292
187 1620
188 963
189 1661
190 1342
191 1534
192 709
193 1503
194 1338
195 1452
196 453
197 1450
198 42
199 24
200 1111
201 610
202 1054
203 507
204 148
205 724
206 972
207 261
208 832
209 479
210 910
211 1473
212 100
213 1760
214 1433
215 518
216 794
217 1588
218 327
219 1426
220 1483
221 926
222 1725
223 909
224 973
225 1248
226 1192
227 309
228 856
229 665
230 742
231 1113
232 1295
233 268
234 1591
235 1073
236 1679
237 1553
238 599
239 1124
240 959
241 525
242 1252
243 1678
244 1504
245 1651
246 197
247 550
248 99
249 1262
250 1261
251 766
252 596
253 985
254 168
255 497
256 881
257 1037
258 654
259 1755
260 1400
261 1378
262 1718
263 823
264 946
265 162
266 1533
267 1662
268 883
269 420
270 681
271 1107
272 523
273 945
274 1290
275 1213
276 435
277 882
278 331
279 475
280 361
281 31
282 1153
283 737
284 851
285 824
286 1573
287 1468
288 105
289 1723
290 120
291 1102
292 1690
293 987
294 957
295 1431
296 1640
297 839
298 920
299 113
300 1210
301 675
302 667
303 220
304 1101
305 1203
306 88
307 1116
308 1360
309 649
310 270
311 1225
312 359
313 277
314 854
315 894
316 468
317 1445
318 515
319 387
320 1129
321 207
322 520
323 713
324 1241
325 871
326 408
327 1081
328 376
329 1059
330 367
331 827
332 1606
333 1072
334 1170
335 1310
336 765
337 1220
338 1423
339 1051
340 111
341 1194
342 1655
343 19
344 867
345 1559
346 117
347 838
348 1043
349 563
350 779
351 155
352 92
353 26
354 1632
355 1440
356 230
357 1385
358 989
359 1645
360 373
361 1475
362 282
363 1126
364 397
365 492
366 743
367 55
368 340
369 782
370 1032
371 979
372 29
373 1306
374 274
375 1343
376 490
377 6
378 982
379 11
380 254
381 60
382 608
383 1264
384 252
385 682
386 237
387 1442
388 241
389 1074
390 780
391 73
392 305
393 1168
394 956
395 1745
396 93
397 413
398 859
399 1274
400 1575
401 623
402 185
403 1237
404 1670
405 386
406 1227
407 802
408 1731
409 670
410 625
411 333
412 256
413 1565
414 300
415 1259
416 1157
417 1694
418 1159
419 664
420 442
421 1674
422 1060
423 1659
424 559
425 941
426 422
427 999
428 353
429 1361
430 942
431 652
432 986
433 1161
434 808
435 1287
436 246
437 704
438 18
439 1397
440 944
441 1485
442 460
443 533
444 1030
445 1742
446 491
447 1732
448 852
449 892
450 733
451 1762
452 513
453 1297
454 807
455 983
456 1406
457 1527
458 183
459 50
460 884
461 384
462 534
463 1540
464 1075
465 1704
466 568
467 535
468 350
469 415
470 294
471 338
472 1056
473 1578
474 1395
475 1123
476 860
477 822
478 738
479 906
480 626
481 1050
482 505
483 1082
484 1515
485 1162
486 1592
487 1389
488 756
489 853
490 769
491 804
492 706
493 392
494 1716
495 1612
496 522
497 1221
498 935
499 1146
500 603
501 549
502 1368
503 1164
504 406
505 1698
506 1154
507 763
508 419
509 1637
510 1629
511 1685
512 1497
513 1278
514 1751
515 1693
516 1700
517 750
518 803
519 347
520 211
521 684
522 1038
523 1061
524 931
525 41
526 965
527 205
528 566
529 448
530 1303
531 76
532 996
533 730
534 474
535 59
536 178
537 1239
538 1544
539 1125
540 618
541 1218
542 1304
543 1208
544 266
545 1457
546 247
547 149
548 609
549 1437
550 1664
551 781
552 116
553 1476
554 1079
555 707
556 1130
557 219
558 1602
559 173
560 1057
561 590
562 1430
563 1047
564 80
565 1542
566 643
567 1336
568 1265
569 395
570 1332
571 1391
572 1097
573 1117
574 511
575 360
576 288
577 1697
578 1375
579 164
580 1201
581 1765
582 1737
583 1317
584 381
585 1747
586 879
587 661
588 1327
589 635
590 1522
591 1756
592 1281
593 916
594 1207
595 627
596 501
597 739
598 1353
599 216
600 1408
601 1526
602 1266
603 299
604 231
605 1419
606 260
607 344
608 565
609 1021
610 77
611 1374
612 1300
613 324
614 1435
615 1029
616 131
617 421
618 1284
619 1031
620 783
621 680
622 546
623 716
624 1013
625 12
626 751
627 425
628 969
629 1383
630 57
631 462
632 1653
633 310
634 1
635 1677
636 1487
637 284
638 711
639 1022
640 1071
641 143
642 1418
643 1561
644 276
645 632
646 576
647 1341
648 325
649 1721
650 878
651 746
652 225
653 1098
654 1509
655 142
656 1058
657 1529
658 1106
659 1024
660 1121
661 561
662 430
663 663
664 1185
665 508
666 1314
667 924
668 912
669 56
670 1488
671 940
672 676
673 1067
674 1463
675 584
676 607
677 1171
678 1042
679 427
680 842
681 1478
682 362
683 749
684 321
685 287
686 1184
687 1763
688 640
689 673
690 1524
691 820
692 1686
693 630
694 372
695 976
696 650
697 1110
698 1136
699 1009
700 843
701 1100
702 828
703 583
704 45
705 872
706 757
707 94
708 459
709 1186
710 1334
711 160
712 71
713 1496
714 1337
715 922
716 209
717 1752
718 821
719 473
720 1315
721 594
722 1135
723 1017
724 393
725 451
726 1367
727 669
728 891
729 975
730 163
731 1394
732 1236
733 339
734 1398
735 98
736 1736
737 345
738 1551
739 1094
740 264
741 467
742 1505
743 1639
744 311
745 578
746 531
747 760
748 35
749 1176
750 1498
751 445
752 1373
753 850
754 313
755 1163
756 239
757 482
758 1108
759 194
760 1216
761 1748
762 826
763 377
764 1064
765 223
766 947
767 954
768 830
769 123
770 1708
771 380
772 159
773 994
774 1691
775 1560
776 1253
777 158
778 1222
779 835
780 1015
781 1434
782 1399
783 227
784 46
785 890
786 1321
787 1076
788 48
789 517
790 613
791 502
792 732
793 886
794 391
795 1234
796 184
797 1122
798 888
799 678
800 179
801 267
802 1649
803 17
804 699
805 1202
806 1128
807 1547
808 1190
809 524
810 1179
811 1610
812 1680
813 1666
814 212
815 1405
816 191
817 1474
818 861
819 873
820 919
821 301
822 569
823 1148
824 1477
825 1219
826 1326
827 1627
828 1065
829 1199
830 414
831 574
832 726
833 129
834 615
835 49
836 1096
837 1507
838 936
839 731
840 424
841 1066
842 833
843 875
844 1133
845 865
846 1446
847 1139
848 104
849 685
850 119
851 154
852 68
853 1240
854 1687
855 1382
856 705
857 1658
858 171
859 126
860 188
861 368
862 1513
863 320
864 192
865 53
866 1729
867 399
868 547
869 316
870 1753
871 235
872 1555
873 1365
874 242
875 863
876 25
877 530
878 9
879 1330
880 1279
881 1646
882 1039
883 1049
884 1577
885 695
886 778
887 1626
888 905
889 1250
890 606
891 848
892 1156
893 175
894 1709
895 484
896 1696
897 1312
898 1215
899 403
900 1586
901 573
902 509
903 1609
904 745
905 1702
906 1656
907 441
908 477
909 37
910 1195
911 1469
912 147
913 1335
914 480
915 1308
916 1053
917 253
918 1217
919 582
920 280
921 901
922 1235
923 1734
924 115
925 295
926 1209
927 326
928 1563
929 108
930 1228
931 30
932 161
933 601
934 488
935 978
936 314
937 717
938 1539
939 202
940 949
941 1033
942 1052
943 899
944 579
945 1502
946 390
947 616
948 868
949 683
950 28
951 145
952 1676
953 1099
954 798
955 181
956 469
957 1568
958 15
959 1055
960 265
961 67
962 644
963 1454
964 1429
965 668
966 1288
967 938
968 198
969 2
970 560
971 834
972 1131
973 841
974 114
975 1187
976 1200
977 1410
978 1543
979 544
980 1384
981 504
982 761
983 1441
984 243
985 1019
986 275
987 1005
988 1574
989 128
990 921
991 186
992 539
993 139
994 1027
995 1020
996 81
997 39
998 150
999 1370
1000 674
1001 714
1002 768
1003 1625
1004 1510
1005 215
1006 371
1007 498
1008 388
1009 541
1010 572
1011 447
1012 52
1013 758
1014 1636
1015 1080
1016 577
1017 693
1018 1644
1019 410
1020 1349
1021 1550
1022 434
1023 1728
1024 70
1025 1428
1026 153
1027 1277
1028 431
1029 1258
1030 258
1031 764
1032 1197
1033 1273
1034 233
1035 355
1036 1701
1037 1438
1038 1386
1039 1673
1040 1390
1041 432
1042 1006
1043 1377
1044 1449
1045 1584
1046 503
1047 734
1048 1579
1049 23
1050 510
1051 622
1052 1289
1053 1444
1054 1726
1055 337
1056 604
1057 156
1058 190
1059 493
1060 948
1061 1093
1062 702
1063 1178
1064 869
1065 1759
1066 516
1067 708
1068 960
1069 1062
1070 1589
1071 1647
1072 1665
1073 208
1074 740
1075 662
1076 619
1077 1198
1078 537
1079 974
1080 545
1081 1323
1082 341
1083 844
1084 187
1085 182
1086 1552
1087 1247
1088 1351
1089 1340
1090 902
1091 1432
1092 968
1093 885
1094 1554
1095 483
1096 887
1097 1492
1098 1376
1099 634
1100 571
1101 1412
1102 455
1103 514
1104 172
1105 400
1106 1536
1107 356
1108 870
1109 461
1110 433
1111 334
1112 229
1113 351
1114 382
1115 528
1116 1448
1117 1682
1118 366
1119 365
1120 1401
1121 438
1122 900
1123 512
1124 4
1125 1371
1126 7
1127 401
1128 1393
1129 633
1130 62
1131 33
1132 481
1133 96
1134 1420
1135 1643
1136 1285
1137 1268
1138 1571
1139 1115
1140 1142
1141 342
1142 1254
1143 1205
1144 950
1145 1404
1146 1472
1147 904
1148 977
1149 1757
1150 1518
1151 450
1152 1018
1153 446
1154 876
1155 1739
1156 772
1157 748
1158 529
1159 1313
1160 800
1161 1379
1162 1188
1163 1255
1164 1556
1165 303
1166 570
1167 997
1168 1095
1169 1724
1170 500
1171 612
1172 328
1173 934
1174 464
1175 79
1176 784
1177 222
1178 452
1179 617
1180 1118
1181 837
1182 614
1183 66
1184 1275
1185 646
1186 1155
1187 240
1188 283
1189 1525
1190 602
1191 132
1192 1318
1193 1470
1194 228
1195 1324
1196 370
1197 330
1198 1489
1199 74
1200 1605
1201 554
1202 1638
1203 1169
1204 32
1205 1366
1206 943
1207 1480
1208 257
1209 43
1210 1484
1211 629
1212 454
1213 836
1214 719
1215 817
1216 647
1217 1607
1218 271
1219 819
1220 1537
1221 1516
1222 896
1223 226
1224 1320
1225 993
1226 659
1227 1754
1228 564
1229 1730
1230 259
1231 1616
1232 775
1233 1381
1234 858
1235 315
1236 1092
1237 651
1238 1715
1239 1692
1240 1464
1241 1499
1242 814
1243 84
1244 815
1245 1267
1246 1282
1247 597
1248 928
1249 1348
1250 755
1251 1580
1252 1528
1253 1004
1254 1293
1255 1624
1256 1046
1257 1299
1258 966
1259 1633
1260 715
1261 1388
1262 1356
1263 13
1264 893
1265 352
1266 1521
1267 1040
1268 636
1269 600
1270 562
1271 357
1272 112
1273 1699
1274 1705
1275 1350
1276 1562
1277 932
1278 428
1279 588
1280 423
1281 1226
1282 955
1283 1422
1284 1041
1285 953
1286 1007
1287 1269
1288 89
1289 1566
1290 375
1291 877
1292 1494
1293 580
1294 770
1295 38
1296 727
1297 1436
1298 426
1299 144
1300 907
1301 1569
1302 1744
1303 710
1304 1045
1305 1196
1306 527
1307 790
1308 1044
1309 245
1310 307
1311 1165
1312 927
1313 170
1314 404
1315 981
1316 1614
1317 1416
1318 1722
1319 980
1320 816
1321 691
1322 396
1323 542
1324 1660
1325 27
1326 1465
1327 1572
1328 1413
1329 914
1330 106
1331 1363
1332 1026
1333 1355
1334 1681
1335 1354
1336 343
1337 1147
1338 688
1339 1684
1340 64
1341 1012
1342 297
1343 146
1344 1224
1345 797
1346 443
1347 1167
1348 813
1349 140
1350 1501
1351 1172
1352 720
1353 796
1354 1150
1355 3
1356 1532
1357 1421
1358 898
1359 236
1360 1671
1361 296
1362 1003
1363 992
1364 1514
1365 774
1366 785
1367 1193
1368 251
1369 1648
1370 1140
1371 598
1372 637
1373 847
1374 291
1375 611
1376 1695
1377 374
1378 903
1379 961
1380 289
1381 1302
1382 1761
1383 1403
1384 642
1385 1603
1386 412
1387 176
1388 671
1389 1392
1390 429
1391 196
1392 1623
1393 1424
1394 897
1395 169
1396 557
1397 87
1398 250
1399 1387
1400 1519
1401 962
1402 811
1403 917
1404 1703
1405 485
1406 1158
1407 466
1408 1034
1409 810
1410 189
1411 1650
1412 1359
1413 405
1414 1271
1415 1305
1416 548
1417 378
1418 457
1419 1372
1420 1089
1421 952
1422 1455
1423 937
1424 718
1425 292
1426 369
1427 138
1428 1595
1429 248
1430 416
1431 1138
1432 1458
1433 1084
1434 349
1435 721
1436 21
1437 364
1438 418
1439 472
1440 411
1441 930
1442 1599
1443 1622
1444 1008
1445 1180
1446 911
1447 1134
1448 1242
1449 1137
1450 1177
1451 1276
1452 984
1453 110
1454 332
1455 1114
1456 1741
1457 1520
1458 722
1459 1712
1460 736
1461 354
1462 1256
1463 990
1464 1583
1465 407
1466 575
1467 1328
1468 1635
1469 1025
1470 1035
1471 165
1472 698
1473 1204
1474 348
1475 1322
1476 1301
1477 696
1478 1414
1479 1567
1480 1713
1481 845
1482 217
1483 1517
1484 0
1485 624
1486 90
1487 988
1488 1244
1489 302
1490 657
1491 795
1492 1596
1493 1740
1494 234
1495 1460
1496 465
1497 218
1498 238
1499 656
1500 1230
1501 437
1502 1396
1503 486
1504 786
1505 655
1506 317
1507 567
1508 1535
1509 1189
1510 1714
1511 107
1512 210
1513 929
1514 672
1515 771
1516 1211
1517 1538
1518 1270
1519 1206
1520 1014
1521 1298
1522 1461
1523 874
1524 1127
1525 1231
1526 214
1527 1482
1528 213
1529 697
1530 1467
1531 54
1532 1245
1533 998
1534 1495
1535 1233
1536 991
1537 1347
1538 471
1539 581
1540 1183
1541 1746
1542 1296
1543 1621
1544 1141
1545 773
1546 389
1547 1608
1548 1088
1549 249
1550 363
1551 1564
1552 605
1553 1181
1554 1415
1555 285
1556 1145
1557 180
1558 308
1559 925
1560 272
1561 1069
1562 767
1563 167
1564 36
1565 532
1566 1238
1567 908
1568 1173
1569 1352
1570 318
1571 1466
1572 1070
1573 1407
1574 1002
1575 1333
1576 152
1577 1581
1578 1028
1579 394
1580 728
1581 83
1582 1750
1583 1594
1584 1309
1585 1085
1586 1443
1587 1001
1588 436
1589 402
1590 788
1591 1669
1592 591
1593 1357
1594 1657
1595 792
1596 195
1597 1402
1598 1548
1599 1344
1600 1523
1601 201
1602 58
1603 1459
1604 1151
1605 793
1606 137
1607 818
1608 628
1609 923
1610 1512
1611 1689
1612 319
1613 631
1614 478
1615 777
1616 1672
1617 1120
1618 346
1619 1642
1620 1593
1621 995
1622 551
1623 825
1624 809
1625 1582
1626 1087
1627 499
1628 335
1629 558
1630 677
1631 857
1632 679
1633 536
1634 1283
1635 1738
1636 174
1637 122
1638 1749
1639 34
1640 135
1641 1425
1642 124
1643 1597
1644 290
1645 799
1646 398
1647 1641
1648 641
1649 1471
1650 440
1651 1182
1652 1613
1653 1091
1654 1490
1655 224
1656 1149
1657 1011
1658 592
1659 712
1660 1615
1661 552
1662 221
1663 409
1664 439
1665 121
1666 1311
1667 449
1668 72
1669 506
1670 752
1671 293
1672 206
1673 918
1674 1727
1675 694
1676 1078
1677 1103
1678 1077
1679 487
1680 1576
1681 1600
1682 109
1683 687
1684 14
1685 703
1686 61
1687 753
1688 648
1689 1109
1690 776
1691 22
1692 1212
1693 470
1694 1764
1695 1105
1696 744
1697 866
1698 933
1699 1143
1700 85
1701 1063
1702 1618
1703 801
1704 864
1705 304
1706 666
1707 521
1708 1260
1709 762
1710 44
1711 1630
1712 298
1713 846
1714 262
1715 620
1716 1362
1717 1683
1718 1663
1719 964
1720 1291
1721 723
1722 1628
1723 939
1724 40
1725 1619
1726 82
1727 463
1728 1508
1729 1316
1730 741
1731 1152
1732 1531
1733 1175
1734 1000
1735 586
1736 1104
1737 1711
1738 967
1739 1654
1740 200
1741 1369
1742 587
1743 1735
1744 686
1745 496
1746 658
1747 336
1748 1601
1749 1251
1750 1364
1751 417
1752 831
1753 812
1754 1511
1755 951
1756 1286
1757 958
1758 889
1759 1409
1760 1010
1761 1319
1762 1481
1763 204
1764 1272
1765 1417
1766 1546
