0 728
0 3714
1 160
1 1191
1 1239
1 1241
1 2436
1 2632
2 2516
2 78
2 325
2 2231
3 892
3 2100
4 1169
4 3685
5 101
6 516
6 1512
6 2039
7 3849
7 551
7 1532
8 1315
8 3504
9 1488
9 3529
10 520
10 963
10 2596
11 641
11 1235
11 2316
11 2367
12 76
12 1520
12 1818
12 2623
12 3623
13 1551
14 22
14 274
14 882
14 1003
14 1241
14 1389
14 2156
14 2669
14 2863
14 3197
14 3296
15 1163
15 1534
15 2613
15 3391
15 3863
16 1121
16 1268
16 1801
16 3629
16 163
16 1253
16 1499
17 170
17 321
17 1891
17 3545
18 1419
19 1126
19 1801
20 433
20 850
20 1667
20 2244
20 2253
20 3187
21 61
21 256
21 366
21 1081
21 1607
21 2367
21 3582
22 1018
22 2105
22 2146
22 3482
23 325
23 2030
23 2566
23 3360
24 76
24 319
24 549
24 1022
25 2853
26 307
26 1018
26 1250
26 2185
26 2469
26 2495
26 3112
27 51
27 224
27 256
27 301
27 368
27 1402
27 3311
27 3312
27 3423
27 3857
27 3900
28 1249
28 2192
29 235
29 3091
30 3257
30 177
30 285
30 350
30 615
30 669
30 805
30 807
30 940
30 1091
30 1313
30 1459
30 1583
30 1882
30 1918
30 1950
30 2005
30 2389
30 2464
30 2634
30 2765
30 2801
30 3477
30 3756
31 1036
32 3852
33 2575
34 2192
34 3124
34 3594
35 2999
35 439
35 777
35 2333
35 2579
36 1300
36 1905
36 3119
37 258
38 3108
38 735
38 1741
38 2798
38 2964
39 3894
39 1086
39 1789
40 424
40 1677
41 48
41 1568
42 959
42 1842
42 2388
43 1674
43 2017
43 3244
43 3424
44 474
44 718
44 745
44 936
44 1045
44 1064
44 1431
44 3486
44 3521
44 3567
44 3858
44 519
44 1491
45 1512
46 2039
46 3317
47 192
47 3112
48 558
49 994
49 1868
49 2052
49 3277
49 3607
49 3714
50 752
51 179
51 752
52 1508
53 532
53 1130
53 1932
53 2407
53 3117
53 3390
53 3526
53 3654
53 541
53 940
53 1088
53 1201
53 1202
53 1530
53 1749
53 1918
53 2093
53 2118
53 2510
53 2645
53 2856
53 2922
53 2931
53 3075
53 3404
53 3545
53 3566
53 3731
53 3744
54 463
54 505
54 1167
54 2027
54 2638
55 1191
55 1639
56 354
56 2865
56 3784
57 1071
57 1099
57 2222
58 583
58 2318
59 652
59 2482
59 2533
60 363
60 570
60 1279
60 2577
60 2767
60 3097
61 852
61 1288
61 1787
61 2005
61 2721
61 3066
61 3322
61 3547
62 2500
62 3132
63 310
63 388
63 3430
64 2595
64 3152
65 293
65 2479
66 1428
66 1658
66 2020
66 2751
66 3070
67 1748
67 1807
68 2311
69 180
70 1599
70 2545
70 2566
70 2601
70 312
71 3081
72 2999
72 1842
73 3145
73 3582
74 2481
75 3257
76 116
76 1006
76 1294
76 1775
76 1949
76 3519
76 3533
77 684
77 688
77 1019
77 1621
77 1819
78 459
78 540
78 735
78 1116
78 1118
78 1281
78 1363
78 2009
78 2028
78 2235
78 3844
79 3879
80 2100
80 3858
81 1250
81 2745
82 1308
82 3310
83 1426
83 3548
84 183
84 383
84 977
84 1520
84 1779
85 1235
86 256
86 474
86 908
86 2629
87 392
88 936
88 2060
88 2436
88 3342
88 3582
88 503
88 999
88 1180
88 1267
88 1492
88 1620
88 1704
88 1785
88 2883
88 3075
88 3469
89 1178
90 1395
90 1673
91 2084
91 2562
92 3088
92 796
92 1923
92 3208
92 3720
93 2991
93 3561
93 3781
93 300
93 495
93 574
93 584
93 787
93 800
93 959
93 1575
93 2336
93 2397
93 2774
93 2992
94 277
94 1663
95 1178
96 754
96 763
96 950
96 2417
96 2651
96 2900
96 2944
96 3073
97 1806
97 2992
98 1259
98 1650
98 3716
99 263
99 692
99 1418
99 3098
99 3279
100 879
100 2182
100 2774
100 3214
100 3856
101 2307
102 387
102 609
103 1420
103 2377
103 3124
103 3582
104 3616
104 3883
105 1022
106 3883
107 1480
108 972
108 2003
108 3582
109 632
109 2218
110 3711
111 254
111 3010
112 149
112 1639
112 1818
112 2118
112 2293
112 2676
112 2832
113 2685
113 3531
114 1019
115 3721
116 718
116 1158
116 1495
116 1763
116 1949
116 2037
116 2039
116 2109
116 3166
116 3211
116 3589
117 619
117 1055
117 3202
118 858
118 1065
119 2061
119 2742
119 2959
119 3336
119 3462
119 3564
120 3102
121 684
121 1910
121 1037
121 1355
122 1881
122 2302
122 3471
123 652
123 923
123 1499
123 3223
124 1915
125 392
125 486
125 663
125 1471
125 2504
126 1272
126 1582
126 2906
126 3197
127 3478
128 424
128 1081
128 1149
128 1300
128 1442
128 2439
128 2469
128 2890
128 3000
128 3287
128 3347
128 3874
129 928
129 2605
129 2997
129 3592
129 3743
130 2703
130 3014
130 3672
130 3790
131 2076
132 834
132 1970
132 2401
133 504
134 1753
135 672
135 2129
135 3533
136 967
136 1324
136 1707
136 1854
136 3547
137 302
137 3420
137 3883
138 1017
138 2259
139 2017
139 541
139 924
140 1239
140 2436
141 3761
141 3315
142 1510
142 3088
142 1625
142 2726
142 3178
143 861
143 3490
144 664
144 2005
144 2824
145 220
145 460
145 707
145 920
145 1373
145 1674
145 1928
145 2293
145 2787
146 2347
146 3582
146 286
146 581
146 904
146 1291
146 1536
146 2344
146 3495
146 3586
147 1510
147 3282
148 2096
149 197
149 204
149 314
149 692
149 1375
149 1726
149 1941
149 2473
149 2676
149 2733
150 3655
151 1885
151 2729
152 537
153 212
153 701
153 1191
153 2045
153 2308
153 2934
153 3428
154 707
154 1777
154 3404
155 707
155 784
155 925
155 1075
155 1674
155 1691
155 2711
155 3877
156 2003
156 1594
156 2614
156 2911
156 3753
157 507
157 539
157 585
157 1419
157 1654
157 1766
157 1981
157 1994
157 3490
158 2100
159 314
159 729
159 797
159 869
159 1434
159 1513
159 2293
159 2353
159 2844
159 3125
159 3792
160 867
161 1179
162 1865
164 652
164 2345
165 1628
165 324
166 275
166 1636
167 1241
167 1854
167 2962
167 3022
168 1128
168 1958
168 2161
169 2819
171 192
171 2908
171 3303
172 3021
172 3893
173 1928
173 3656
174 223
174 342
174 414
174 1399
174 1965
174 2001
174 2255
174 2556
174 2836
174 2991
174 3095
174 3097
174 3395
175 1900
175 2778
176 192
176 2058
176 2317
176 3473
177 740
177 1020
177 1022
177 1824
177 2212
177 2265
177 3613
178 1118
178 2216
180 1051
180 2287
180 2630
181 3844
181 1070
181 2117
182 1535
183 486
183 2039
183 3025
184 531
184 3124
184 3471
184 3595
185 2913
185 3246
185 3387
186 280
186 390
186 621
186 637
186 2174
186 3148
186 3452
186 3812
187 2665
188 602
188 2117
188 3683
189 1415
189 3221
190 414
190 501
190 1939
190 378
190 1136
190 1207
190 2960
190 3337
191 827
192 860
192 1048
192 1113
192 1258
192 1405
192 1599
192 2819
192 2901
192 3079
192 3249
192 3529
192 3714
192 1240
192 1546
192 2182
192 2518
192 2883
192 3373
193 1113
194 1405
194 2890
194 3125
195 1746
195 1854
195 2498
195 3022
195 3241
196 583
196 322
196 1518
196 1946
196 2818
197 1418
198 2930
198 3874
199 3716
199 538
199 1364
200 613
200 1045
200 3879
200 1388
200 1532
201 765
201 865
201 970
201 1335
201 2049
201 2097
201 2664
201 2736
201 2861
202 3271
202 1489
202 1842
202 3627
203 1045
203 1296
203 2681
203 3156
204 263
204 273
204 726
204 1418
204 1524
204 2676
204 2733
204 3167
204 3285
204 3808
205 1197
205 2003
206 963
206 2482
206 1586
206 1650
206 3176
206 3883
207 1726
207 2293
207 3374
208 604
208 820
208 1191
208 1621
208 1682
208 1854
208 3860
209 3509
209 3566
210 3196
211 561
211 3714
211 611
213 2130
214 1638
214 2194
214 2580
214 1439
214 2461
214 3875
215 813
215 1744
215 1791
215 1885
215 2407
215 2574
215 3553
215 3887
216 2468
217 1183
218 1775
218 2019
218 3559
218 3618
218 624
218 1474
218 1481
218 3705
219 298
220 1238
220 1353
220 1846
220 2039
220 3898
221 740
221 1538
221 2781
221 3218
221 3714
221 1355
221 1461
221 2517
222 3716
222 3858
223 730
223 2291
223 2763
223 1683
223 3037
224 1405
224 1564
224 2093
225 758
225 2139
225 3387
225 3566
226 2003
226 387
226 597
226 1128
226 1202
226 2504
227 963
227 2003
227 325
227 550
227 1131
227 1532
227 2348
227 2668
228 1982
228 2365
229 1470
229 2446
229 1940
229 3323
230 3582
231 504
231 1042
231 2469
231 3459
232 1140
232 1389
232 1453
232 1579
232 1713
232 3117
232 560
232 585
232 604
232 1397
232 1633
232 1853
232 2849
232 2931
232 3731
233 2813
234 496
234 1937
235 844
236 3613
237 411
237 1305
237 1855
237 3124
237 3582
238 1473
239 383
240 2427
240 2666
241 2323
242 1259
243 2113
243 3582
244 3229
244 3613
244 3883
245 1218
245 1737
246 2232
247 1721
247 2062
248 411
249 652
250 1722
250 1931
251 707
251 972
251 3582
251 955
251 1925
251 2933
252 1434
252 3098
253 1763
253 2400
253 3124
254 834
254 916
254 1510
254 1770
254 2463
254 2641
254 3437
254 3460
254 261
254 873
254 1738
254 1905
254 2068
254 2383
254 2404
254 2497
254 2651
254 2726
254 2830
254 2933
254 3010
254 3327
254 3415
254 3795
254 3832
255 1067
255 1366
255 2100
256 280
256 301
256 569
256 687
256 892
256 1542
256 1639
256 2003
256 3882
257 3125
258 2490
258 3595
259 415
259 1551
259 1763
259 1946
260 1931
260 897
262 601
262 3312
263 273
263 2081
264 418
264 2156
264 370
264 732
264 1478
264 2402
264 3779
265 650
265 1512
265 2100
266 3369
267 1838
267 2410
267 2812
267 3832
267 3851
268 797
269 3108
270 1522
270 2903
270 294
270 1722
270 1765
270 2118
270 2603
271 273
271 1498
271 1795
271 2005
271 2879
271 2913
271 3699
272 1436
273 2676
274 666
274 1842
275 520
275 1389
275 1431
275 1687
275 3567
275 3607
275 3735
276 959
277 1051
277 2861
278 2058
278 3804
279 752
279 948
279 2507
280 293
280 315
280 469
280 700
280 794
280 899
280 922
280 1081
280 1165
280 1238
280 1308
280 1413
280 1814
280 1855
280 2272
280 2654
280 2986
280 3001
280 3460
280 3582
280 3650
280 3653
280 3672
280 3771
280 3852
281 486
282 2325
282 3898
283 2791
284 1262
286 3672
287 401
288 3582
288 1674
288 2562
288 2747
288 3783
289 1801
289 611
289 1379
289 1767
289 2739
290 408
291 518
291 1508
292 833
293 3844
293 377
293 932
293 1769
293 1936
293 2202
293 2575
293 3081
293 3303
293 3875
294 296
294 767
294 941
294 1018
294 1269
294 1557
294 1576
294 1584
294 1698
294 1747
294 1847
294 2472
294 2638
294 3249
294 3257
294 3771
294 3780
294 3801
295 752
296 2264
297 2589
298 1460
299 3803
299 2795
300 1022
300 2127
300 3534
301 452
301 1705
301 2303
302 734
302 925
302 1686
302 2482
302 2566
302 2647
302 2685
302 2922
302 3890
303 1300
304 2192
305 1443
306 2577
306 2970
306 3218
306 1588
307 423
307 677
307 786
307 899
307 1077
307 1091
307 1281
307 1405
307 1583
307 1876
307 1920
307 2039
307 2422
307 3276
308 558
308 1788
309 653
309 2800
309 3028
310 739
310 790
310 1401
310 2140
311 1126
311 2488
313 3015
313 3884
314 692
314 1726
314 2054
314 2676
314 3460
315 3582
316 1436
316 2774
317 1216
317 1352
317 1710
317 3779
318 3587
318 991
319 395
319 1269
319 2152
319 2970
319 415
319 1231
319 1334
319 2959
320 2890
320 773
321 800
321 965
321 977
321 1551
321 3849
323 937
324 465
324 1891
324 2561
325 408
325 557
325 731
325 735
325 775
325 863
325 932
325 938
325 1036
325 1091
325 1175
325 1205
325 1312
325 1477
325 1488
325 1498
325 1595
325 1607
325 1620
325 1636
325 1716
325 1787
325 1918
325 2003
325 2049
325 2078
325 2082
325 2095
325 2169
325 2687
325 2911
325 3112
325 3138
325 3267
325 3335
325 3365
325 3434
325 3528
325 3651
325 3737
325 3750
325 3774
325 3818
325 3835
326 1308
326 1453
327 1763
327 3756
328 919
328 2370
328 2923
329 1551
330 1599
330 1715
331 366
332 3721
333 1485
334 2482
334 728
334 2930
334 3083
334 3883
335 2564
335 3833
336 613
336 2100
336 2381
336 3087
337 537
337 2543
338 1923
339 3582
340 987
341 963
341 1389
341 1415
341 1931
341 2043
341 2354
341 3136
341 3294
341 3879
341 3887
343 421
343 1323
344 1033
344 1036
345 1626
345 2702
346 3230
347 2255
348 1938
348 2149
348 3616
349 731
349 1662
349 2752
350 3087
350 3412
351 1138
352 2118
353 2199
353 1480
354 638
354 942
354 2309
354 3028
354 3293
354 3788
354 458
354 1952
354 2203
354 2204
354 2544
354 2703
354 2829
354 3458
355 2003
356 923
356 3786
357 1030
357 1076
357 1551
357 2945
358 557
358 1044
358 1355
358 3122
359 1453
359 3690
360 1416
361 1077
361 2017
361 2118
361 2295
362 2271
362 2347
362 611
363 1512
363 2118
364 583
364 3707
365 3310
366 859
366 862
366 919
367 3262
367 3716
368 1442
368 1900
369 433
369 3096
369 3103
370 584
370 673
370 2786
370 2880
370 3083
370 3133
371 691
371 1385
371 2909
371 3851
371 3863
372 3774
373 3582
374 1512
375 1663
375 2003
375 3138
375 3756
375 3809
376 529
376 3296
378 486
378 501
379 1088
380 2746
381 3357
382 2738
383 1593
383 3069
383 3249
384 613
384 2680
384 2861
384 2874
385 1045
385 1521
385 2327
385 3032
385 3607
385 3605
386 1103
387 565
387 672
387 1084
387 1202
387 1305
387 2003
387 2945
387 3509
387 3659
387 3849
388 917
388 1839
388 2692
389 437
389 1338
389 1380
389 2092
389 2813
389 3592
390 621
390 932
390 2312
390 2329
390 3086
391 457
391 1551
391 1789
391 1818
391 2597
392 842
392 1326
392 1597
392 1607
392 1741
392 2197
392 2913
392 2970
392 3008
392 3483
393 1131
393 1888
393 2003
393 3883
394 2863
395 1324
396 537
396 3652
397 1019
397 2757
398 863
398 1793
399 652
399 1880
400 762
400 1532
401 521
401 1512
401 2601
401 2960
401 2978
401 3698
401 3827
401 3856
402 810
402 997
402 1627
402 2240
402 2436
402 2908
402 3245
402 3820
403 1763
403 3112
404 1777
404 2918
404 3550
405 744
405 3400
406 3883
407 1441
409 1044
409 2566
409 3124
409 3262
409 3606
410 2568
411 615
411 837
411 923
411 1451
411 2159
411 2215
411 2758
411 2828
411 3548
411 3875
412 1211
412 2812
412 3814
413 789
413 1144
413 1589
413 1663
413 1680
413 3123
413 3637
414 2918
414 1263
414 3588
414 3722
415 483
415 712
415 1323
415 1341
415 1368
415 1435
415 1946
415 2045
415 2313
415 2709
415 2757
415 2807
415 3834
416 2293
417 1260
417 1991
418 2354
418 3058
418 3297
418 720
419 1281
419 2058
419 3430
420 2723
420 3271
420 3733
421 2338
421 550
421 1355
421 1461
421 2257
421 2550
421 2656
421 2795
421 3310
421 3797
422 577
422 965
422 1322
422 3497
423 748
423 1535
423 1632
423 2263
423 3635
424 1022
424 1108
424 1490
424 1644
424 1823
424 1920
424 2937
424 3784
424 3877
425 2686
426 1490
427 1727
428 880
429 1355
430 1769
430 2913
430 3597
431 1045
431 1238
431 1634
431 2201
431 2797
432 1184
432 2961
432 3599
433 632
433 726
433 926
433 966
433 1520
433 1742
433 2202
433 2253
433 2280
433 2758
433 3746
434 603
434 1038
434 1440
434 3175
435 2992
435 3518
436 1508
438 1249
438 2798
439 3904
440 3271
440 3733
440 2230
441 648
442 820
443 460
444 3123
445 1126
445 3028
446 687
446 693
446 3016
447 1539
447 3582
448 2509
448 3858
449 828
449 1981
449 2522
449 2672
450 1563
450 3274
451 1272
451 2967
451 1826
452 692
452 3457
453 1570
453 2303
453 2598
454 923
454 1312
454 2822
455 2504
455 3883
456 1657
457 2587
457 3672
459 509
459 3613
460 712
460 1098
460 1281
460 1557
460 2970
460 1275
460 1937
460 3075
460 3651
461 1036
461 1307
461 1603
461 1725
461 1879
461 3268
461 3721
462 1768
462 1895
462 2511
462 3586
464 2461
465 2999
466 2553
466 2617
467 1248
467 1384
467 3213
468 730
468 3124
468 3888
469 2118
469 3681
470 1401
470 2211
470 3380
471 1126
471 1712
471 2468
471 3590
472 1577
472 1602
472 2599
472 768
472 1839
473 1012
473 2293
474 936
474 2409
474 3486
474 706
474 2571
474 3846
475 613
475 614
475 2314
476 2954
477 2278
477 2653
478 1579
478 2684
478 3806
479 2154
480 1282
480 1806
480 1842
481 716
481 788
481 3443
482 486
482 835
482 3239
482 3285
483 1825
483 2368
483 2883
483 2900
483 3775
484 1531
484 2996
485 1510
485 3460
485 645
486 674
486 922
486 1238
486 1367
486 2748
486 2836
486 2841
486 3387
486 3423
486 3775
486 3849
486 604
486 813
486 940
486 1144
486 1230
486 1650
486 1882
486 1900
486 1928
486 2213
486 2804
486 2861
486 3100
486 3156
486 3339
487 3735
487 1263
488 837
488 2948
488 3699
489 2226
490 1064
491 907
492 1768
492 1061
493 889
493 3005
494 807
497 672
497 2895
497 891
497 924
497 1250
497 1798
497 1802
497 3068
497 3099
497 3122
497 3642
497 3659
498 537
498 3296
499 1033
500 1216
500 2302
501 1985
501 2657
501 3511
501 671
501 1015
501 1207
501 2670
501 3577
502 754
502 2842
502 3883
503 1269
503 1324
503 1647
504 3289
506 541
506 660
507 1531
507 1535
507 3792
507 3812
507 3606
507 3800
508 1440
509 609
509 1427
509 2781
509 3635
509 3643
510 3582
511 593
511 1206
511 1647
511 1833
512 2681
512 3582
513 3120
514 3028
515 2058
516 1462
516 2913
517 752
517 2296
517 3148
518 3124
519 578
519 3451
522 1022
522 1928
522 1929
522 2750
523 3863
523 1901
524 617
524 1019
524 1946
524 2410
524 2757
525 2573
525 3781
526 3854
527 2100
528 2562
528 2765
528 3139
529 1716
529 3716
529 1551
529 2864
529 3507
530 695
530 2329
530 2429
530 3861
531 1119
531 3244
531 2881
531 3077
531 3345
532 1572
532 1696
532 3262
532 1188
532 1270
532 3502
533 3662
534 549
534 2863
535 1876
535 2234
535 2242
535 3378
536 1674
537 1662
537 1677
537 2032
537 3130
537 3433
537 3650
537 662
537 1816
537 1944
537 3020
537 3853
539 3616
540 3573
540 1115
540 1208
540 1466
540 2315
540 2518
541 945
541 1215
541 1330
541 1699
541 1705
541 2118
541 2566
541 3112
542 3153
543 1512
543 2940
543 3527
544 1241
544 2375
544 2744
544 3874
544 3879
545 3034
545 3310
545 3345
546 775
546 2454
547 3411
547 3594
548 1850
549 641
549 1521
549 2274
549 3400
549 3567
549 1537
549 2029
549 2634
549 3676
549 3804
550 1047
550 1248
550 1359
550 1373
550 2484
550 2711
550 2807
550 3229
550 3310
550 3433
550 3582
550 3584
550 3634
550 3762
551 1365
551 1916
551 2346
551 2647
551 3672
552 649
552 1769
552 2160
552 2591
552 2622
553 675
553 3402
554 1664
555 1594
555 1632
555 1714
556 1476
557 2793
557 3890
558 1966
558 2275
558 3257
558 950
559 1299
559 2043
559 3499
561 3879
561 1776
561 3513
561 3621
562 3482
562 3716
563 3650
564 1673
564 2636
565 2555
565 2685
566 684
567 1045
567 3296
567 3850
567 2076
568 1138
568 2174
568 3849
569 2431
569 1927
569 2021
569 2614
569 3221
571 1565
571 2331
571 3718
572 574
572 811
572 3582
573 882
573 2665
575 596
575 825
575 925
575 1697
575 2211
575 3211
575 3223
575 3849
575 1689
575 2214
575 3306
576 3079
576 2933
576 3170
577 1281
577 3837
578 1361
578 1628
578 2378
578 3132
578 3184
578 3297
578 3849
578 1030
578 1153
578 1729
578 1817
578 2123
578 2293
578 2665
578 3760
579 3078
579 3731
580 1573
581 2689
582 1505
582 2181
582 2933
583 1865
583 3242
583 1842
583 2088
583 2358
583 3736
584 728
584 2829
584 3177
585 3174
585 3488
585 3863
586 3108
586 645
586 1490
586 2133
587 3012
588 3126
589 791
589 1248
589 3406
590 1217
591 899
591 2358
591 3124
592 663
592 2293
593 3698
594 1225
595 3212
595 3878
596 3078
596 3844
596 1192
597 1296
597 2959
597 3547
598 1158
598 1763
598 3890
599 604
599 2577
600 3331
600 3582
600 3859
601 3256
602 746
602 3123
603 1440
603 2964
604 672
604 1173
604 1729
604 2577
604 3207
604 3685
604 3775
605 1726
605 3695
606 1010
606 2118
607 613
608 2291
609 3416
609 3281
610 2039
611 1683
611 1796
612 1019
612 2034
612 2695
613 718
613 1880
613 2019
613 3162
613 3589
613 644
613 843
613 1289
613 1347
613 1395
613 1887
613 1989
613 2097
613 2339
613 2392
613 2417
613 2509
613 2805
613 3023
613 3166
613 3499
613 3655
614 2351
614 2432
614 3022
615 2003
616 3085
618 1990
618 2896
619 1861
620 853
621 730
621 690
621 1879
621 1968
621 3310
621 3471
621 3790
622 2100
622 3345
623 2003
624 2586
625 1389
626 932
626 2735
627 1532
628 1470
629 3886
629 1216
630 2482
631 3326
632 2828
632 3123
632 3772
633 713
634 2094
634 3317
635 3404
635 3784
636 806
636 1628
636 2071
636 3511
636 1839
637 752
638 640
638 859
638 942
638 961
638 1223
638 2186
638 2398
638 3066
638 3636
638 739
638 2954
638 3471
639 784
639 2245
640 947
640 1258
640 1268
640 2520
640 2691
640 2393
640 3458
641 1909
641 3245
641 3306
641 3684
642 2455
642 2916
642 3840
643 2902
643 2909
645 983
645 1752
645 1994
645 3145
645 3648
645 3798
646 3257
646 785
647 2100
647 2803
647 3265
648 1885
648 2137
648 3894
648 2546
648 2750
649 1290
649 2391
649 2738
649 3742
649 3820
650 1620
650 2689
650 3236
651 972
651 1440
651 1891
651 2681
652 1217
652 1591
652 1732
652 1746
652 2346
652 3612
652 3887
652 1375
652 1508
652 1655
652 1689
652 1902
652 2749
652 2904
652 2929
652 3170
652 3585
652 3713
652 3902
653 1017
653 1064
654 3572
655 834
655 2641
655 1614
655 1763
655 2496
656 1508
657 2469
658 1788
659 2351
659 1913
660 1088
660 1122
660 1708
660 2364
660 2765
660 2872
660 3782
661 684
662 1743
662 3610
663 1678
663 2893
663 2942
664 2947
664 3108
664 2249
665 3079
665 1532
665 1937
666 1821
667 3884
668 1881
669 2920
670 3169
671 2815
671 2882
672 858
672 977
672 1308
672 888
672 1160
672 1216
672 2760
672 3234
673 728
674 3093
674 1091
674 2094
674 2419
675 880
675 2940
675 3448
675 3593
675 756
675 987
675 2773
675 2933
675 3042
675 3489
675 3540
675 3670
675 3831
675 3843
676 1443
677 1566
677 3124
678 858
678 1768
678 2330
679 1064
680 2950
681 2685
682 1469
682 805
682 2097
683 767
683 2335
684 770
684 2858
684 2985
684 3638
684 3662
684 3868
684 1043
684 1184
684 1340
684 1780
684 2267
684 3049
684 3848
684 3878
685 752
686 965
686 2106
686 3582
687 2003
687 2161
687 3882
688 1389
688 3775
689 1171
689 1577
689 1801
690 2347
691 2675
691 804
691 2812
692 1327
692 1365
692 1507
692 1677
692 1768
692 3125
692 3592
693 1959
694 1715
695 1441
695 1506
695 2964
696 707
696 923
697 3079
698 972
699 1298
699 1706
699 3147
699 3771
700 1322
700 1804
700 2753
700 2906
700 3292
700 3555
700 3650
701 792
701 2118
702 2019
702 3812
703 1663
704 1121
704 3313
705 3849
705 768
707 3285
707 772
707 850
707 1066
707 1163
707 1423
707 1534
707 2293
707 2308
707 3170
708 1553
708 2026
708 3378
709 3430
709 3405
710 963
710 1509
710 2240
710 1300
711 1395
711 2686
711 3285
712 2649
713 1627
714 886
715 2647
715 3689
716 2359
716 2993
716 3887
717 1673
717 1154
717 1262
717 1379
717 2965
718 1045
718 2188
718 3519
718 1919
718 2100
718 2654
718 3525
719 1064
720 1614
721 1300
721 1520
722 3459
723 3229
724 1567
724 1743
725 983
725 1512
725 2003
726 1308
726 1395
726 1528
726 2288
726 2971
726 3182
726 3246
726 3285
726 3453
726 3517
726 3594
727 963
728 3177
729 1196
729 1512
729 2293
729 2543
730 731
730 865
730 1017
730 1535
730 1891
730 2011
730 2217
730 2291
730 2588
730 3244
730 3308
730 3399
730 3849
730 819
730 1635
730 1759
730 2765
730 3087
730 3197
730 3414
730 3545
730 3554
731 1479
731 1662
731 1835
731 2207
731 3644
731 1109
731 2861
732 1331
732 2495
732 3484
733 2275
735 775
735 919
735 1296
735 2003
735 2845
735 3756
736 1517
736 1604
736 1674
736 1788
736 2002
736 2355
736 2623
736 2715
736 2890
736 3032
736 3153
737 2639
738 1045
738 1308
738 1454
739 1441
739 2166
739 2577
741 2003
741 2039
742 1086
743 965
743 1582
743 2605
744 2341
746 1746
747 858
748 1344
748 1432
748 2119
748 2272
749 1801
750 2966
751 2015
751 2861
751 3124
752 1261
752 1302
752 1680
752 1346
752 1478
752 2510
752 3146
752 3214
753 1170
754 1943
754 2697
754 3150
755 1507
755 2533
755 3126
756 3345
756 3447
757 1538
757 1927
757 2147
757 2414
758 2625
758 3117
759 1538
759 3296
760 3093
761 3257
761 3799
761 2949
762 1801
762 3849
762 1018
762 2814
763 3582
764 1865
766 3874
767 3573
767 2619
768 2599
768 2721
768 3380
768 3721
769 1262
771 1165
771 2920
771 3431
773 1547
773 1663
773 1736
773 2213
773 2276
773 3677
774 2545
774 2635
775 1328
775 1372
775 2476
775 2479
775 2869
775 3492
775 3617
775 1055
775 1060
775 1408
775 1573
775 1861
775 1984
775 2449
775 3323
775 3564
775 3692
775 3753
775 3883
776 2778
778 1910
778 2985
778 1534
779 2762
779 2205
780 1272
781 2482
782 2606
783 1045
783 2672
784 1510
784 985
786 2685
787 1196
789 1599
789 1662
790 3118
791 2331
791 3723
792 2713
793 1039
793 1061
793 3120
795 2858
795 3351
796 2196
796 3279
797 2017
797 2440
797 1365
797 2100
797 2122
797 2624
798 1008
798 1045
798 3119
798 3432
799 1795
800 813
800 932
800 2081
800 2380
800 2761
800 3028
801 898
801 1876
801 2108
801 2734
802 845
802 1641
803 1353
803 1568
803 2359
803 2979
804 2566
804 3085
805 2436
806 867
806 1600
806 3453
806 3596
806 3763
807 1296
807 2767
807 2906
808 1806
809 1563
810 1070
810 1312
811 3511
812 2964
813 2039
813 2806
813 2895
813 3858
814 1241
814 2050
814 2776
815 2209
815 2229
815 3851
816 1045
816 1064
817 1763
817 2676
817 2683
817 2923
818 1684
818 1885
818 1614
818 1692
818 1712
819 1582
819 3149
820 1715
820 1808
820 2347
820 2792
820 3612
821 3080
822 1451
822 2740
823 2252
823 3661
824 1066
824 1225
824 1585
825 828
825 3833
825 1133
825 2070
826 1242
827 3097
828 1093
828 1181
828 1395
828 1397
828 3102
828 3122
829 1367
829 3849
830 2762
831 3148
831 1547
832 2666
832 3461
833 1375
833 2178
834 916
834 2146
834 2418
834 2759
834 3849
835 1827
836 2797
837 1680
837 2540
837 3061
838 1440
838 3094
838 3145
839 2964
839 3081
839 3633
840 2029
840 2135
841 2166
841 1536
841 2590
842 3471
845 3294
845 3407
846 1084
846 3674
846 3714
846 3794
846 3829
847 1268
847 2332
847 3028
848 1355
849 3716
850 1168
850 1853
850 3122
850 3716
851 2100
851 2797
851 3413
852 1620
852 3582
852 3871
853 923
853 3758
854 1613
854 1732
854 2824
854 3883
855 1024
856 1915
856 2072
856 1715
856 3702
857 1173
857 3078
858 1768
858 1806
858 2330
858 1767
858 2681
858 3471
860 1189
861 2626
862 1561
862 1831
863 1373
863 2744
863 2891
863 2895
863 2881
863 3827
864 996
864 2134
865 1033
865 1031
865 1841
865 2379
865 2876
866 3513
867 1099
867 1268
867 1528
867 1678
867 2411
867 2746
867 3295
867 1492
867 1664
868 1300
868 1855
869 2293
869 2676
869 3047
869 3125
870 1768
870 2118
870 3075
870 3548
871 1602
872 1057
874 1442
874 3310
875 3124
876 1512
877 1975
877 2129
877 3452
877 1375
877 3159
877 3170
877 3885
878 1241
878 2528
878 1635
878 2226
879 1300
879 2092
879 3887
881 1339
883 2797
884 2347
885 1428
885 957
885 1898
885 3122
885 3177
886 1949
887 1663
888 3218
890 2677
890 3740
892 2843
892 3027
892 3283
893 2700
893 3681
894 1063
894 1325
894 1431
894 2906
894 3028
895 1490
895 1705
895 1922
895 2872
895 2913
896 2598
898 2913
899 3257
899 1296
899 2558
899 2718
899 2810
899 3596
899 3753
900 1599
900 2358
901 1113
902 3607
903 2866
904 2300
904 3642
905 2100
906 1662
907 1700
907 2504
907 3210
907 3883
909 2482
910 2008
910 2801
911 1443
912 1312
913 1787
913 3886
913 1009
913 2118
914 2839
914 3395
914 3703
915 2006
915 2466
916 1685
916 3282
916 940
917 1512
918 1327
918 2971
919 932
919 943
919 1028
919 1292
919 1332
919 1360
919 2095
919 2319
919 2700
919 3218
919 3584
919 3756
920 2514
920 3021
921 977
923 976
923 1063
923 1248
923 1678
923 1715
923 1763
923 1777
923 2118
923 2614
923 3063
923 3145
923 3158
923 3582
923 3714
924 1209
925 1446
925 2361
925 3084
925 3491
925 1142
925 3118
926 3231
926 3721
927 2685
928 2899
928 3453
929 1720
929 2537
929 2881
930 1385
930 1647
931 1903
931 3228
931 3679
932 1061
932 1324
932 1520
932 2821
932 2930
932 3087
932 3221
932 3229
932 3582
933 1040
933 3883
934 3424
934 1305
935 2359
935 3664
936 1045
936 2744
936 3036
936 3078
936 3773
937 2060
938 2140
939 2623
940 1537
940 1891
940 3087
940 3208
940 3306
942 1502
943 1992
943 2269
943 3124
943 3471
944 1624
944 3875
946 1070
948 1733
948 2684
948 2858
949 1322
951 3682
951 996
952 2448
952 1675
953 2913
953 2916
954 1233
955 3864
956 1535
957 1490
957 2028
957 2074
957 2603
957 3582
957 3721
958 3448
959 1018
959 1620
959 1762
959 1780
959 3229
960 2407
960 2416
960 3448
960 3669
960 1128
960 1230
960 3525
960 3592
961 1296
962 3582
963 1002
963 1349
963 1448
963 1717
963 1747
963 1897
963 2140
963 2482
963 2519
963 2520
963 2601
963 2744
963 2853
963 2880
963 3142
963 3209
963 3313
963 3369
963 3612
963 3775
963 3506
964 2566
965 2127
965 1949
965 3545
967 2399
967 1319
968 1158
968 1818
968 2037
968 3231
969 1279
970 3271
970 3733
971 1662
971 2348
972 2318
972 1142
972 1386
972 2410
972 2694
972 2900
972 3145
972 3272
972 3507
972 3563
972 3772
972 3875
973 2129
973 2376
974 2117
975 2798
977 1045
977 1187
977 2256
977 2684
977 2913
977 3115
977 3311
977 3582
977 1682
977 1791
977 2171
977 2173
978 1863
979 1828
979 3511
979 3716
979 2179
979 3122
980 1084
981 1235
982 2793
983 2948
983 3296
984 1196
984 1551
985 1279
985 1518
985 1842
985 2308
985 3428
985 3582
986 1308
988 2003
989 1173
989 3251
990 1440
990 3241
991 2320
992 3282
993 3883
995 2100
996 1123
996 2094
996 2210
996 2702
996 3219
997 1863
997 2907
998 2562
998 2947
999 2129
999 3574
999 3638
1000 3191
1001 2249
1001 2866
1002 2520
1002 3313
1003 2681
1004 1435
1004 1643
1004 3337
1005 1663
1005 1807
1005 1884
1005 2528
1006 1737
1006 2058
1007 2638
1008 1241
1008 2860
1008 3054
1009 2655
1009 2977
1010 3865
1010 1147
1011 2003
1011 3699
1012 1985
1013 1375
1013 1534
1013 2979
1014 2436
1015 1458
1016 1634
1016 2337
1016 2697
1017 1227
1017 1231
1017 1964
1017 2414
1017 2884
1017 3412
1018 1313
1018 3799
1019 1429
1019 1659
1019 1946
1019 2090
1021 2929
1021 2931
1021 3559
1022 3141
1022 3433
1022 1181
1022 1366
1022 1410
1022 1658
1022 1869
1022 2228
1022 2995
1022 3180
1022 3425
1022 3687
1022 3819
1023 2100
1024 1110
1024 2129
1024 1769
1025 1849
1026 3420
1026 3629
1026 1232
1027 1343
1029 1619
1030 2963
1031 1743
1032 1564
1032 1945
1032 2648
1033 1914
1033 1737
1033 2192
1033 2219
1034 1205
1034 3065
1034 3124
1034 3315
1035 1746
1036 1198
1036 2003
1036 1324
1036 1440
1036 1660
1036 2381
1036 2414
1036 2614
1036 3124
1038 1045
1039 2972
1039 3343
1041 1869
1041 3672
1042 2490
1042 3460
1042 2050
1044 3075
1045 1130
1045 1358
1045 1431
1045 1514
1045 1850
1045 2188
1045 2351
1045 2685
1045 3358
1045 3589
1045 3849
1045 1093
1045 1162
1045 1447
1045 1559
1045 1660
1045 1756
1045 1947
1045 1949
1045 2076
1045 2133
1045 2148
1045 2324
1045 2405
1045 2820
1045 2887
1045 3040
1045 3337
1045 3625
1045 3752
1045 3855
1046 1440
1047 1241
1047 1593
1047 1923
1047 2615
1048 1763
1048 3676
1049 2685
1050 1327
1051 2630
1051 2797
1051 1186
1052 3648
1053 1380
1054 2556
1054 3087
1055 1128
1055 1799
1056 1258
1057 2347
1057 3595
1058 1308
1058 1808
1059 2129
1059 2413
1060 1305
1060 1818
1060 2499
1060 3681
1060 3721
1061 2148
1061 2853
1061 3097
1061 3317
1061 3572
1062 1724
1062 2300
1063 1300
1063 1846
1063 2933
1063 3622
1064 1399
1064 1620
1064 1633
1064 1689
1064 1794
1064 2091
1064 2481
1064 2984
1064 3305
1064 3534
1064 3687
1064 3710
1065 2885
1065 2991
1065 3158
1066 1891
1067 3665
1068 2098
1068 2614
1069 3311
1069 1188
1070 1454
1070 2405
1070 2939
1070 3323
1070 3384
1072 2795
1072 3351
1073 2718
1073 2734
1074 1270
1074 3883
1075 2278
1076 2362
1076 3061
1076 3552
1077 2423
1078 3582
1078 1482
1078 1532
1079 2475
1079 2486
1079 2652
1079 3066
1079 3616
1080 1689
1081 1855
1081 2197
1081 2482
1081 2945
1082 1312
1082 1673
1083 2576
1084 1523
1084 1564
1084 2443
1084 2536
1084 3116
1085 2540
1086 1324
1086 1445
1086 1763
1086 3129
1086 3395
1087 1380
1088 1131
1088 1233
1088 1324
1088 1737
1088 3132
1088 3672
1089 1296
1089 2745
1089 3023
1089 3075
1089 3122
1089 3218
1089 3740
1090 2852
1091 2003
1091 2185
1091 3124
1091 3471
1092 2119
1092 3431
1092 3874
1092 3887
1093 1732
1093 2293
1094 2913
1095 2003
1095 2632
1096 1108
1097 2538
1097 1742
1097 3785
1098 1162
1098 1355
1098 1639
1098 2555
1098 2587
1098 2859
1098 3586
1098 3899
1099 3358
1099 1114
1099 1548
1099 2873
1099 3153
1099 3897
1100 1602
1100 2863
1101 3844
1102 1865
1103 2911
1103 3618
1104 2269
1105 2453
1106 3567
1107 3099
1108 1395
1108 1555
1108 1639
1108 2045
1108 2080
1109 1238
1109 3273
1110 2944
1111 1324
1111 3132
1111 3410
1112 1851
1112 2003
1113 1541
1113 1954
1113 2003
1113 2291
1113 2813
1113 3039
1113 3725
1113 3651
1114 1768
1114 3515
1116 1453
1116 1877
1117 3858
1118 2946
1118 3202
1119 3345
1120 1531
1120 3858
1121 3128
1121 3417
1121 3518
1121 3697
1121 3882
1121 1488
1121 2372
1121 3089
1122 2185
1123 1626
1124 3716
1125 2163
1126 1264
1126 3424
1127 1512
1128 1477
1128 1936
1128 2606
1128 2819
1128 3395
1128 3667
1128 3681
1129 1541
1129 2023
1130 2981
1130 3556
1130 1355
1130 3465
1130 3731
1130 3878
1131 1198
1131 2003
1131 3775
1132 2996
1132 3420
1132 3582
1132 1300
1133 1440
1133 2023
1133 2100
1133 2771
1133 3317
1133 3763
1134 3781
1135 2155
1135 3143
1137 1415
1137 2697
1137 3028
1138 2737
1138 2858
1138 1452
1138 2249
1138 2405
1138 2614
1138 3428
1138 3701
1139 1579
1141 1599
1141 2184
1142 1291
1142 1403
1142 2076
1142 3585
1143 1264
1143 1558
1143 1818
1144 1171
1144 1219
1144 1512
1144 1551
1144 1611
1144 1932
1144 2052
1144 2872
1144 3720
1145 2299
1146 3721
1148 3711
1149 1382
1149 3883
1150 2009
1150 3834
1151 1686
1152 2895
1155 1796
1156 3573
1156 3635
1157 2003
1158 2037
1158 2351
1158 2835
1159 1320
1159 1581
1159 3432
1160 2073
1160 3825
1161 2445
1161 3883
1162 2373
1164 2334
1164 2374
1165 1852
1166 1579
1166 1650
1166 3878
1167 2835
1168 1729
1168 2696
1170 2700
1170 2726
1170 3657
1170 3890
1171 1801
1171 1985
1171 3293
1171 3704
1171 1920
1171 2525
1171 2603
1171 3016
1171 3672
1172 1415
1173 2214
1173 3824
1174 2030
1175 2003
1176 2767
1176 3582
1177 3514
1177 3620
1178 1241
1178 2980
1178 3601
1179 2174
1179 1639
1179 1742
1179 2118
1179 2922
1179 3804
1180 1291
1180 2584
1181 1666
1181 1928
1181 1977
1181 2325
1181 2920
1181 3244
1181 3712
1182 1696
1182 2505
1182 3900
1182 1503
1183 1732
1185 3015
1186 1310
1186 2188
1188 1442
1188 1586
1188 1716
1188 2166
1188 2181
1188 3097
1188 3133
1188 3156
1188 3825
1189 1533
1189 2347
1190 1296
1190 1534
1190 2681
1191 1846
1191 1682
1192 1260
1192 1763
1192 1847
1192 2039
1193 2689
1193 3530
1194 3626
1195 2795
1197 2647
1198 1258
1198 1338
1198 1556
1198 1599
1198 2003
1198 2291
1198 2570
1198 1202
1199 1309
1199 2356
1200 1404
1200 2317
1201 2943
1201 3714
1202 1530
1202 1829
1202 3195
1202 3395
1203 1618
1203 1663
1204 2344
1205 2100
1205 2436
1205 2476
1205 3735
1210 1512
1212 1296
1212 1523
1213 1376
1213 2182
1214 2259
1215 2720
1216 1897
1216 2470
1216 2566
1216 2606
1216 2615
1216 2738
1216 2907
1216 2958
1216 3285
1216 3775
1217 1591
1217 2026
1217 3771
1219 2017
1219 1232
1220 1576
1221 2681
1222 1241
1222 1663
1222 2993
1224 3310
1226 2797
1227 3118
1228 3450
1229 1801
1229 3257
1230 2767
1231 3497
1231 3666
1233 1375
1233 1395
1233 1939
1233 2288
1233 2566
1233 2676
1233 2971
1233 3196
1233 3285
1233 3596
1234 1768
1235 2460
1235 2890
1235 2999
1235 2125
1235 2293
1235 3310
1236 1592
1237 3285
1237 3595
1238 1849
1238 1411
1238 2326
1238 2596
1238 2681
1238 3337
1238 3731
1239 1992
1240 1263
1240 1663
1241 1415
1241 1453
1241 1702
1241 1709
1241 1713
1241 2043
1241 2044
1241 2744
1241 3054
1241 3113
1241 3117
1241 3407
1241 3849
1241 1610
1241 2095
1241 2610
1242 1551
1243 1294
1244 1653
1244 2003
1244 2174
1244 2378
1244 2464
1245 2144
1245 3629
1246 1296
1246 2755
1247 1761
1247 1811
1247 3033
1248 1295
1248 1855
1248 3634
1248 3883
1249 1950
1249 2931
1250 1375
1250 1579
1250 1680
1250 2288
1250 2676
1250 2737
1250 2996
1250 3156
1250 3519
1250 3545
1251 1396
1252 1535
1252 1696
1252 3718
1252 3870
1253 1796
1253 1811
1253 2681
1253 3042
1253 3742
1254 1475
1254 2352
1255 1861
1256 2625
1257 1638
1258 1312
1258 1338
1258 1392
1258 1837
1258 1954
1258 2291
1258 3542
1258 3775
1258 1655
1258 2665
1259 2157
1259 2433
1259 3796
1260 1308
1260 1558
1260 2057
1260 2419
1260 2895
1260 3075
1260 3589
1261 3229
1262 3631
1262 3682
1262 3775
1263 1663
1263 2013
1263 3603
1263 3894
1264 1600
1264 2531
1264 2893
1265 1579
1265 1713
1265 1916
1265 1932
1265 2625
1265 3117
1265 2704
1266 2685
1267 1610
1267 2021
1267 2118
1267 3202
1267 3539
1268 1599
1268 3293
1268 1499
1269 3864
1270 2188
1271 1497
1272 1977
1272 2351
1272 2967
1272 3009
1272 3812
1272 1582
1272 2328
1272 2623
1272 3867
1273 1706
1273 1919
1273 3017
1273 3515
1274 2861
1275 1551
1275 1682
1276 3606
1277 2967
1278 2131
1278 3904
1279 1588
1279 3493
1279 3634
1280 2352
1281 1522
1281 1777
1281 1801
1281 3582
1281 3866
1281 1551
1281 1763
1281 2223
1281 3007
1281 3124
1281 3133
1281 3471
1281 3595
1283 2616
1283 2890
1284 3894
1285 1960
1286 1436
1286 1697
1286 2291
1286 3014
1286 1842
1286 2457
1287 1956
1288 2118
1289 3735
1290 2494
1291 3265
1292 1472
1292 1960
1292 2441
1292 2963
1292 2997
1292 3149
1292 3478
1292 3875
1293 3316
1294 3103
1294 3817
1295 1939
1295 2231
1295 2947
1295 3287
1295 3454
1295 3582
1296 1557
1296 1659
1296 2179
1296 2419
1296 2515
1296 2973
1296 3122
1296 3166
1296 3218
1296 3346
1296 3441
1296 3467
1296 3547
1296 3670
1296 3675
1296 3737
1297 1946
1297 2964
1298 1540
1298 2757
1298 3492
1298 3582
1298 3890
1299 2299
1299 3048
1299 3353
1300 1322
1300 1860
1300 1905
1300 2898
1300 2961
1300 3066
1300 3138
1300 3647
1300 3653
1301 1322
1301 3358
1302 3765
1303 2127
1303 2083
1304 3273
1305 1405
1305 2039
1305 2970
1305 3094
1305 3471
1306 3083
1308 2803
1308 1639
1308 2093
1308 2251
1308 2514
1308 2574
1308 2733
1308 2760
1308 2833
1308 2912
1308 3177
1308 3323
1308 3367
1308 3477
1308 3640
1308 3827
1308 3883
1309 1716
1309 3086
1310 1573
1310 2053
1310 2114
1310 2276
1310 2780
1310 3124
1311 1949
1311 2414
1312 1556
1312 1599
1312 1653
1312 1801
1312 2684
1312 2819
1312 3097
1312 3109
1312 3429
1312 3667
1312 1324
1312 1693
1312 1861
1312 2280
1312 2336
1312 2614
1312 2673
1312 2822
1312 2904
1312 2930
1312 3300
1312 3317
1312 3760
1312 3826
1313 3799
1314 3492
1315 2160
1316 1510
1316 2167
1316 2497
1317 2193
1317 3052
1318 1763
1318 3122
1321 1324
1322 1673
1322 3582
1322 3787
1322 1441
1322 1925
1322 2004
1322 2020
1322 2103
1322 2105
1322 2214
1322 2303
1322 2326
1322 2750
1322 2851
1322 3021
1322 3281
1322 3566
1322 3631
1322 3649
1322 3686
1323 1485
1323 2872
1323 3082
1323 3471
1324 2054
1324 2291
1324 2320
1324 2668
1324 2761
1324 2865
1324 2913
1324 2954
1324 3292
1324 3607
1324 3832
1325 1705
1325 3889
1327 1375
1327 1941
1327 1974
1327 2542
1327 2582
1327 2979
1327 3126
1327 3170
1327 3596
1328 1578
1328 2476
1328 2479
1328 3573
1329 1881
1329 2071
1330 2685
1331 2031
1331 2414
1331 3862
1332 3124
1332 3606
1333 2100
1333 3858
1334 1807
1334 2566
1334 3075
1335 3209
1335 2304
1336 2399
1337 3249
1337 3001
1338 1380
1338 1599
1338 1784
1338 2299
1338 2399
1338 3109
1339 1674
1339 2202
1341 2757
1342 2540
1342 2797
1342 2009
1343 3735
1344 2118
1344 2642
1344 3793
1345 1574
1348 2175
1349 2567
1350 2154
1351 1763
1351 2003
1351 2029
1352 3087
1353 3285
1353 2237
1354 2017
1354 2295
1355 2073
1355 2308
1355 2407
1355 2787
1355 3117
1355 3194
1355 3566
1355 3582
1355 3731
1355 3864
1355 3887
1356 1697
1357 2163
1358 3317
1358 3672
1359 2116
1361 3028
1362 2918
1365 1441
1365 1752
1365 2017
1365 2403
1365 2579
1365 3867
1366 2436
1366 3721
1366 3729
1367 3849
1369 1396
1370 3015
1371 2360
1372 2476
1373 1768
1373 1844
1374 1599
1375 1395
1375 1781
1375 1871
1375 2080
1375 2288
1375 2733
1375 3170
1375 3221
1375 3481
1376 2402
1377 1488
1377 3721
1378 2399
1379 2542
1379 3631
1380 1396
1380 2274
1380 2628
1380 2638
1381 1446
1381 2872
1383 2325
1383 2618
1385 2909
1385 3863
1386 1538
1386 3611
1386 3715
1386 3858
1387 2506
1388 1547
1389 3387
1389 1409
1389 2387
1389 3566
1390 2127
1390 3402
1391 2129
1392 3429
1393 2685
1394 1950
1394 2140
1394 3208
1394 3812
1395 1528
1395 1568
1395 1639
1395 1941
1395 2582
1395 3137
1395 3170
1395 3435
1395 3651
1395 3659
1396 1800
1396 2378
1396 2638
1396 3106
1397 2188
1397 2470
1397 3314
1397 3619
1397 3711
1398 2058
1399 2129
1400 2399
1401 1509
1401 2140
1401 1812
1401 3639
1402 3883
1405 1441
1405 1573
1405 2222
1405 2342
1405 3547
1406 3112
1406 3245
1407 1549
1408 2003
1411 2039
1411 3856
1412 2480
1412 3158
1414 1678
1414 1946
1415 3054
1415 3117
1415 2141
1415 3100
1416 1472
1417 3241
1418 3285
1418 3808
1420 3341
1421 2058
1421 2477
1422 3635
1422 3749
1423 2959
1424 3320
1425 2787
1425 3716
1425 3890
1426 2720
1428 1697
1428 2836
1428 3895
1428 3153
1428 3870
1429 1949
1429 2174
1429 2769
1429 3525
1430 3096
1431 1469
1431 1687
1431 1827
1431 2351
1431 2981
1431 3358
1431 3775
1431 1513
1431 1913
1433 1728
1434 2293
1434 2676
1434 3098
1435 1705
1435 2793
1435 3456
1436 3009
1436 2708
1437 1472
1437 3753
1438 1768
1438 2397
1440 1607
1440 2514
1440 3159
1440 3238
1440 3771
1440 3856
1441 2293
1441 3168
1441 3592
1441 3693
1442 1881
1442 2978
1442 3028
1442 3097
1442 3227
1442 3784
1443 1694
1443 1936
1443 2102
1443 2827
1443 3244
1444 2833
1446 2538
1448 3775
1449 1663
1450 3721
1452 1526
1452 2566
1452 3739
1453 1556
1453 1663
1453 2169
1453 2901
1453 3054
1453 3097
1453 3289
1453 3407
1453 3488
1453 1468
1453 2776
1453 2849
1454 3001
1454 3285
1454 3423
1454 3858
1455 2205
1455 3285
1456 2166
1456 1529
1456 2004
1456 2525
1457 3241
1458 2512
1459 2227
1460 2685
1461 2589
1462 2566
1463 2959
1463 3659
1464 3169
1465 3182
1467 1726
1469 1642
1470 1917
1470 2096
1470 2803
1470 3107
1471 2823
1471 3299
1471 3459
1471 3875
1472 1639
1472 3478
1472 3753
1473 2745
1473 3574
1474 2284
1475 3186
1475 2308
1475 2419
1476 1958
1476 2744
1476 2975
1476 3185
1476 3512
1477 1636
1477 1743
1477 1792
1477 2003
1477 2118
1477 2367
1477 2601
1477 2907
1477 3124
1477 3594
1477 3757
1477 3858
1478 1485
1478 2286
1478 3480
1481 1514
1481 1846
1482 2297
1483 3285
1483 3546
1484 1977
1485 1592
1485 1872
1485 1894
1485 1896
1485 2714
1485 3129
1485 3255
1485 3357
1485 3812
1486 2352
1486 3755
1487 2796
1487 2863
1487 3509
1487 3856
1488 3714
1490 1842
1490 2303
1490 2516
1490 2958
1490 3050
1491 3006
1492 1612
1492 1782
1492 2155
1492 3630
1493 1534
1493 2360
1494 2767
1494 3194
1494 3582
1495 3721
1496 2009
1497 3650
1498 3122
1498 3382
1499 2314
1499 2712
1499 2804
1499 2988
1499 3879
1500 1680
1500 2236
1501 2100
1502 2865
1504 1743
1504 3638
1505 1842
1505 2566
1505 3582
1505 3883
1506 2790
1506 3104
1507 3302
1508 3373
1508 3449
1508 3721
1509 1598
1509 2140
1509 3066
1510 1669
1510 1970
1510 3282
1510 3784
1511 1777
1512 1584
1512 1766
1512 1826
1512 1858
1512 1906
1512 1951
1512 1969
1512 2142
1512 2390
1512 2542
1512 2698
1512 2945
1512 2988
1512 3177
1512 3200
1512 3216
1512 3250
1512 3371
1512 3389
1512 3409
1512 3490
1512 3498
1512 3641
1512 3758
1513 2983
1513 3582
1513 3714
1514 1543
1514 3744
1515 3012
1516 2633
1517 2970
1519 2351
1519 3292
1520 1545
1520 2140
1520 2217
1520 2304
1520 2381
1520 2853
1520 2883
1520 3362
1520 3721
1522 3303
1524 1729
1524 2307
1524 3136
1524 3170
1524 3519
1524 3659
1525 1820
1525 2984
1527 2166
1527 3312
1527 3171
1527 3396
1528 2676
1528 2733
1528 3481
1529 2685
1531 2675
1531 1854
1531 3022
1532 1944
1532 1953
1532 1967
1532 2003
1532 2082
1532 2289
1532 2370
1532 3054
1532 3176
1532 3281
1532 3376
1532 3858
1534 1775
1534 1955
1534 3622
1534 3740
1534 3784
1535 1696
1535 2140
1535 2482
1535 3309
1535 3311
1535 3809
1535 3205
1535 3554
1535 3595
1536 2618
1536 2884
1537 2118
1537 2174
1537 2922
1537 3116
1537 3566
1537 3891
1538 2206
1538 2242
1538 2858
1538 3849
1538 1744
1538 2118
1538 2147
1538 2279
1538 2414
1538 3221
1540 3471
1541 2158
1541 2220
1541 3345
1542 1599
1543 1551
1543 1891
1543 1902
1543 2269
1543 2796
1543 3545
1544 1557
1546 3285
1547 1886
1547 2193
1547 2835
1547 2846
1547 2970
1547 3032
1547 3296
1547 3382
1547 3409
1547 3625
1547 3705
1548 1777
1549 1916
1549 2195
1549 2431
1550 2279
1551 1902
1551 2359
1551 3088
1551 3139
1551 3211
1551 3306
1551 3545
1551 3714
1552 2359
1553 2026
1554 3521
1555 1674
1555 2028
1555 3391
1556 2169
1556 2299
1556 1821
1557 2970
1557 3218
1557 1842
1557 2658
1557 2682
1557 3133
1558 2131
1558 3721
1559 2314
1559 3397
1559 3511
1559 3582
1559 3714
1560 2114
1560 2453
1560 2566
1562 3135
1563 1694
1563 3573
1563 3643
1564 2269
1564 2512
1567 1663
1567 2359
1567 2918
1567 3123
1568 3844
1569 2091
1570 2303
1570 3521
1571 2205
1572 2369
1572 3438
1574 1715
1575 1957
1576 3573
1576 3780
1577 3556
1577 3603
1577 3538
1578 1694
1578 3029
1578 1655
1579 1891
1579 2684
1579 2761
1579 2863
1579 3117
1580 1905
1580 3317
1581 3610
1583 1777
1584 3244
1586 2853
1586 2923
1586 3200
1586 3292
1586 3443
1587 1599
1587 3874
1588 1607
1588 1709
1588 2970
1588 3035
1588 3350
1588 3359
1588 3380
1590 3818
1591 2249
1592 1680
1593 1768
1593 2703
1594 1599
1594 3334
1594 3546
1595 2003
1595 2808
1596 2647
1596 3663
1598 3537
1598 2435
1598 3672
1599 1640
1599 1653
1599 2008
1599 2084
1599 2250
1599 2299
1599 2322
1599 2549
1599 2628
1599 2901
1599 3002
1599 3003
1599 3195
1599 3316
1599 3351
1599 3816
1599 2098
1599 2180
1599 2665
1599 3329
1599 3881
1600 1752
1601 2941
1602 2482
1604 3392
1604 3471
1605 3590
1606 2663
1607 2323
1607 1617
1607 2352
1607 3087
1607 3555
1607 3875
1608 2647
1608 3387
1609 2893
1611 3088
1614 3841
1615 2739
1615 2999
1616 3573
1617 2017
1617 2858
1618 3124
1619 3761
1619 2795
1620 3358
1622 1774
1622 2494
1623 1673
1624 1768
1624 3875
1624 3883
1625 1743
1625 1768
1625 3145
1626 1628
1626 1995
1626 3151
1626 2783
1628 1801
1628 2149
1628 2269
1628 2583
1628 3511
1628 3682
1629 3418
1629 3582
1630 3611
1631 3431
1632 3846
1633 1857
1635 2559
1635 2951
1635 3467
1636 2127
1636 2964
1637 3850
1638 1885
1638 2194
1638 3587
1638 3716
1638 3333
1638 3875
1639 2525
1639 2566
1639 2970
1639 3230
1639 3651
1639 3659
1640 2127
1641 2717
1641 3089
1644 1920
1645 2970
1645 3519
1646 3500
1646 3549
1648 2999
1649 2462
1650 3239
1650 3887
1651 3257
1652 2056
1653 3673
1653 2342
1654 1854
1654 3022
1656 2666
1656 2883
1657 3321
1658 2909
1658 3582
1659 1939
1660 3662
1661 3133
1662 1835
1662 2207
1662 2268
1662 2450
1662 3697
1662 2509
1662 3250
1662 3421
1662 3888
1663 1793
1663 1864
1663 1940
1663 1951
1663 2640
1663 2655
1663 2768
1663 2987
1663 3074
1663 3668
1663 3699
1663 3821
1663 3825
1665 3412
1666 2072
1667 2900
1668 3125
1669 3150
1670 2375
1670 3867
1671 3137
1672 1703
1672 3429
1672 3607
1672 3735
1673 2038
1673 2636
1673 3046
1673 1986
1673 2057
1673 2807
1674 1826
1674 2109
1674 2623
1674 3740
1674 3764
1674 3777
1676 2591
1677 2003
1677 3097
1677 2529
1677 3118
1677 3623
1677 3804
1677 3808
1678 3904
1679 3716
1680 2091
1680 3639
1680 3747
1681 2519
1681 2960
1681 3374
1682 1739
1682 2996
1682 3218
1683 3247
1685 3018
1686 2273
1686 2409
1687 2266
1687 2351
1687 2100
1688 3864
1690 1766
1693 1890
1693 2606
1694 3573
1695 1816
1695 3656
1696 2678
1696 3693
1697 2291
1697 3597
1697 3849
1698 3573
1698 3761
1700 3580
1701 2616
1701 2890
1702 3013
1703 3735
1704 1862
1704 2151
1704 3519
1705 2058
1705 2846
1705 2850
1706 1728
1707 2284
1708 2853
1709 1768
1709 3123
1709 3424
1709 3704
1709 2961
1710 1863
1710 2321
1710 2391
1710 2494
1710 2622
1710 2738
1710 2834
1710 3384
1711 2725
1712 2518
1712 3138
1713 3117
1715 2243
1716 1885
1716 2058
1716 2338
1716 2569
1716 3086
1716 3460
1716 3613
1716 3716
1716 3796
1716 2023
1716 3318
1718 2805
1719 2414
1721 2577
1722 2166
1723 2989
1723 3133
1724 2375
1724 2599
1725 3579
1726 1885
1726 2080
1726 2676
1727 2118
1727 2970
1727 3262
1729 1885
1730 2003
1731 3410
1732 2359
1732 2029
1732 2076
1732 2293
1732 3232
1733 2684
1733 2858
1734 2246
1735 3613
1736 2275
1736 3403
1737 2425
1737 3066
1737 3890
1738 3716
1739 2558
1739 2577
1739 3401
1740 2724
1741 1905
1742 1912
1742 2866
1742 3840
1743 2639
1744 2436
1744 2577
1744 3079
1744 3345
1744 3412
1745 2576
1745 3844
1745 2662
1746 2920
1746 2118
1747 3573
1748 1845
1748 2031
1750 3471
1751 3416
1751 3807
1752 3025
1753 2105
1753 2576
1753 2653
1753 3721
1754 3721
1755 3883
1756 3055
1756 3395
1757 3304
1758 2302
1760 2796
1760 3475
1760 3631
1761 2647
1763 1822
1763 1823
1763 1918
1763 1946
1763 2039
1763 2298
1763 2366
1763 2548
1763 2604
1763 2719
1763 2801
1763 2834
1763 3218
1763 3653
1763 3706
1763 3737
1763 3875
1764 3460
1765 2603
1765 3582
1765 3890
1767 1928
1768 1961
1768 2138
1768 2330
1768 2347
1768 2576
1768 2802
1768 3237
1768 3271
1768 3733
1768 1815
1768 1859
1768 2024
1768 2085
1768 2148
1768 2531
1768 2661
1768 2665
1768 2717
1768 3137
1768 3145
1768 3265
1768 3620
1768 3837
1770 2696
1771 3352
1771 3397
1772 3054
1773 2815
1774 2021
1774 3339
1775 2074
1775 2109
1775 2681
1775 2720
1775 2757
1775 3507
1777 3654
1778 3028
1779 3740
1779 1818
1783 2043
1783 2186
1784 2169
1784 3303
1786 3883
1787 3886
1787 1855
1787 3094
1787 3124
1787 3133
1787 3883
1788 1864
1788 2003
1788 3292
1788 3650
1789 3856
1790 2748
1791 1819
1792 2413
1792 3638
1793 3004
1794 2414
1794 2653
1794 3731
1795 2309
1795 3669
1795 2504
1796 3529
1796 3603
1796 2433
1796 3025
1796 3074
1796 3326
1797 2469
1798 1842
1799 3230
1799 3651
1799 3883
1801 1825
1801 1907
1801 2169
1801 2332
1801 2538
1801 2599
1801 2626
1801 2942
1801 3358
1801 3608
1801 3653
1801 3776
1801 2917
1802 1881
1803 2470
1804 2020
1804 2961
1805 3257
1807 3087
1808 3836
1809 3714
1810 2129
1810 2912
1810 3638
1811 3629
1811 3572
1812 2112
1812 3721
1813 2760
1816 3261
1817 2291
1818 1996
1818 2079
1818 2115
1818 2726
1818 2850
1818 3485
1818 3731
1818 3890
1819 2876
1820 2528
1820 3766
1820 3840
1821 2225
1822 3154
1823 2043
1823 3416
1823 3380
1824 1891
1824 2209
1825 3310
1825 3756
1826 2261
1827 1985
1829 2737
1830 2056
1830 3066
1830 3655
1830 3709
1830 3721
1831 2197
1831 2883
1831 3185
1832 3754
1832 3804
1833 2100
1834 2051
1835 3313
1835 3888
1836 1853
1836 2963
1837 2043
1837 3313
1837 3775
1838 2812
1839 2027
1839 2599
1840 3594
1841 2385
1841 3651
1842 1901
1842 2127
1842 2136
1842 2574
1842 2767
1842 3041
1842 3097
1842 3289
1842 3733
1843 2999
1843 3716
1844 3051
1845 2455
1846 2174
1846 2351
1846 3211
1846 3513
1846 3686
1846 3705
1846 3872
1847 2476
1847 3861
1848 2934
1849 2033
1849 3192
1850 2019
1850 2188
1850 2183
1851 2241
1852 3595
1853 2566
1854 2060
1854 2360
1854 2440
1854 2485
1854 3022
1854 3576
1855 1992
1855 2291
1855 2913
1855 3185
1855 3224
1855 3292
1855 3445
1855 3662
1855 3757
1856 1930
1856 3543
1857 2701
1857 3899
1858 2685
1859 2767
1861 2569
1861 3589
1861 3594
1861 3756
1861 3796
1861 3883
1863 2165
1863 3742
1864 2279
1864 3708
1865 2991
1865 2999
1865 3721
1866 2485
1867 2321
1868 2707
1870 2606
1871 2154
1871 2732
1871 3371
1872 2100
1872 2353
1873 3809
1874 2566
1875 2140
1875 2293
1875 3311
1876 2789
1878 3123
1879 3507
1880 2019
1881 2401
1882 2606
1883 3780
1883 3547
1885 3894
1885 1928
1885 2125
1885 3139
1885 3622
1887 2528
1887 3531
1887 3582
1888 2170
1888 2519
1888 3420
1888 3547
1889 2127
1891 1902
1891 1924
1891 1928
1891 2609
1891 2787
1891 3025
1891 3159
1891 3324
1891 3545
1892 3736
1893 2638
1894 3770
1895 2918
1895 3525
1895 3586
1896 2440
1896 2527
1896 2618
1896 2623
1897 3864
1899 2671
1902 3545
1904 2338
1905 2912
1905 3180
1905 3757
1906 3734
1908 3170
1909 2054
1910 2049
1911 3420
1912 2036
1912 2554
1913 2146
1914 3614
1915 2072
1915 3271
1916 3117
1916 2304
1916 3524
1917 3374
1918 3883
1919 2502
1919 3123
1919 3418
1919 3810
1920 3183
1920 3265
1921 2246
1923 3123
1926 3561
1926 2215
1926 3427
1928 2048
1928 3157
1931 3037
1931 3840
1932 3078
1932 3117
1932 1964
1932 3286
1933 2562
1934 2339
1934 2923
1935 2865
1936 2808
1936 2861
1936 2959
1937 2222
1937 3170
1939 2807
1940 2605
1942 2684
1942 3550
1944 3784
1945 2507
1945 3299
1946 2695
1946 3679
1947 2467
1947 2668
1947 2712
1948 2265
1949 2351
1949 2414
1949 2703
1949 3170
1950 2118
1954 2291
1954 2813
1954 3028
1954 3181
1954 3529
1954 2222
1954 2483
1954 2582
1956 2811
1956 2946
1957 2107
1957 2606
1958 2003
1958 2614
1958 3094
1959 2091
1962 3561
1963 2866
1964 2332
1965 3518
1966 3257
1966 3361
1969 3615
1969 3742
1971 2576
1972 3009
1972 3804
1973 2823
1975 2129
1975 2944
1975 3533
1975 3782
1975 2118
1975 2383
1975 3446
1975 3885
1976 2231
1977 2967
1978 3883
1979 2734
1980 2100
1983 2883
1985 2688
1985 2293
1985 3173
1985 3317
1986 2716
1986 2875
1986 3632
1987 2162
1988 2435
1988 3125
1988 3285
1990 2738
1990 2834
1990 3742
1993 2003
1993 2055
1993 3651
1994 3009
1995 2149
1995 2904
1996 3342
1996 3613
1997 3679
1998 3082
1998 3663
1999 3735
2000 2118
2001 2089
2001 3496
2002 3366
2002 3521
2002 3333
2003 2078
2003 2169
2003 2248
2003 2291
2003 2399
2003 2869
2003 2901
2003 2055
2003 2095
2003 2126
2003 2319
2003 2426
2003 2458
2003 2692
2003 2731
2003 2765
2003 2868
2003 2911
2003 2934
2003 2935
2003 2938
2003 2977
2003 3038
2003 3085
2003 3336
2003 3524
2003 3560
2003 3586
2003 3875
2004 3252
2004 3419
2005 3448
2006 2794
2006 3556
2007 2647
2008 2129
2008 3805
2008 3383
2010 2731
2012 2566
2013 2084
2013 3169
2013 3546
2014 2279
2015 2221
2015 2321
2015 2767
2015 2834
2015 2907
2015 2959
2015 3706
2016 2192
2017 3576
2017 2453
2017 2851
2018 2761
2018 2795
2018 2895
2018 3125
2018 3420
2018 3606
2018 3663
2019 2100
2021 2029
2021 2053
2021 2347
2021 3025
2021 3547
2021 3658
2022 3638
2023 2913
2023 3372
2024 3508
2025 2174
2025 3072
2026 3226
2026 3378
2026 3856
2027 3775
2027 2608
2029 3129
2029 3852
2030 3087
2030 3239
2030 3545
2031 2291
2032 2110
2032 2776
2032 2838
2033 2685
2035 2414
2037 3166
2038 2201
2039 3775
2039 3849
2039 2132
2039 2184
2039 2222
2039 3672
2039 3815
2040 3716
2041 2080
2041 3606
2042 3515
2043 2156
2043 2999
2043 3028
2043 3407
2045 2174
2045 3428
2045 3582
2046 2862
2046 2976
2046 3568
2047 3573
2047 3761
2049 2990
2049 2233
2051 3028
2052 2062
2053 2889
2053 3471
2053 3655
2054 3466
2055 3411
2056 2974
2056 3021
2056 3022
2056 3066
2057 2359
2058 2506
2058 2674
2058 2958
2058 3067
2058 3430
2058 2238
2058 2285
2058 2615
2058 2683
2058 3071
2058 3163
2058 3268
2059 3198
2059 3890
2060 2744
2060 3070
2060 3443
2060 3811
2062 2079
2063 2255
2064 2566
2065 3728
2066 2070
2067 2909
2069 2073
2069 2583
2070 2080
2070 2178
2070 2288
2070 3182
2071 2314
2071 3059
2073 2688
2074 2913
2074 3875
2075 3409
2076 2434
2077 3769
2078 2128
2079 2104
2080 2288
2080 3011
2081 2178
2081 2605
2081 3840
2082 3840
2084 2549
2084 3169
2084 2966
2086 2794
2086 2936
2087 3512
2088 3219
2089 3079
2091 2333
2091 2884
2091 3073
2091 3494
2091 3775
2092 3037
2094 2862
2094 2879
2094 3114
2094 3144
2094 3693
2095 3741
2098 3345
2099 3127
2100 2247
2100 2360
2100 2373
2100 2525
2100 2526
2100 2632
2100 2675
2100 2740
2100 2752
2100 2788
2100 2831
2100 2846
2100 2936
2100 2968
2100 3016
2100 3075
2100 3193
2100 3278
2100 3340
2100 3451
2100 3490
2100 3504
2100 3523
2101 2819
2104 2647
2104 2605
2107 2250
2107 3023
2109 3764
2110 2566
2111 3196
2111 3606
2112 3809
2113 2566
2114 3108
2114 3547
2115 2530
2117 3285
2118 2912
2118 2922
2118 2997
2118 3075
2118 3122
2118 3708
2118 3744
2118 3784
2118 3804
2118 3856
2118 3887
2118 3891
2119 3218
2120 2426
2121 2999
2123 2149
2123 3200
2124 2993
2124 3769
2125 2244
2127 3727
2127 3786
2127 2681
2127 2883
2128 3462
2129 3533
2129 2376
2129 2910
2129 3005
2129 3280
2129 3598
2130 2288
2130 2993
2130 3670
2130 3899
2132 2869
2133 2211
2133 3716
2137 3894
2137 2820
2137 3867
2138 2297
2139 2482
2139 2871
2139 3330
2139 3690
2139 3731
2143 3184
2143 3518
2144 2585
2144 3303
2145 3721
2148 2662
2148 2866
2149 3663
2150 2566
2152 2476
2152 2666
2152 2754
2152 3379
2152 3461
2153 2365
2154 2335
2154 2414
2154 2660
2154 3285
2154 3683
2154 3767
2154 3883
2155 2299
2155 3048
2155 3462
2155 3189
2155 3258
2156 3832
2158 2614
2160 3834
2161 2647
2161 3844
2162 2695
2162 3863
2163 3113
2163 3876
2164 2685
2165 3742
2166 3312
2166 3479
2166 3738
2166 3792
2166 2652
2166 3570
2166 3905
2167 2770
2167 2791
2167 2810
2167 3164
2168 3211
2171 2394
2172 3721
2173 2802
2173 2933
2173 3249
2174 3064
2174 3752
2175 2399
2176 3285
2177 2351
2178 2582
2178 2761
2178 2816
2178 3140
2178 3453
2178 3879
2179 2424
2179 2469
2179 3062
2181 2431
2181 2620
2181 3716
2182 2469
2182 2923
2182 3459
2182 3658
2183 2390
2183 2436
2183 2837
2185 2793
2185 3038
2185 3700
2187 2999
2188 3589
2189 2351
2189 2624
2190 3582
2191 2399
2191 3471
2192 3111
2193 2563
2195 3342
2196 3117
2196 3279
2196 3604
2197 3522
2198 2829
2199 3488
2199 3471
2200 2681
2200 3229
2203 2472
2203 2544
2205 2311
2205 2334
2205 2970
2205 3716
2205 3819
2207 3313
2208 2605
2208 2750
2208 3211
2209 2363
2209 3851
2211 2932
2211 3078
2211 3117
2213 3092
2214 2638
2214 3433
2214 3784
2216 3561
2220 2913
2220 3052
2221 2494
2221 2834
2222 2638
2222 3723
2223 3740
2224 3681
2227 3186
2228 3842
2230 3249
2231 2516
2231 2681
2232 2278
2232 2823
2232 2956
2233 2697
2233 3640
2235 3248
2236 3714
2239 3257
2240 3639
2242 2338
2244 3025
2245 2405
2246 3084
2246 3720
2246 3726
2248 3533
2248 2587
2248 2919
2250 3432
2252 2520
2253 2856
2253 3606
2254 3257
2255 3358
2255 2307
2256 2682
2256 3580
2257 2302
2257 2756
2257 3234
2258 3313
2258 3775
2260 3594
2261 2797
2262 3708
2263 2777
2265 3645
2265 3740
2266 3567
2270 3066
2271 2347
2271 3461
2274 2625
2274 2628
2274 3117
2275 2712
2275 2797
2275 2991
2275 3028
2275 3191
2275 3257
2275 3594
2275 2459
2275 3065
2275 3411
2276 2643
2276 3748
2277 2658
2277 3840
2278 2896
2278 3025
2278 3626
2278 3883
2279 3296
2281 3122
2282 2842
2283 2787
2287 2630
2287 3221
2288 2733
2288 3170
2288 3182
2289 2523
2290 3567
2291 2299
2291 2370
2291 2378
2291 3181
2291 3529
2291 3667
2291 3818
2291 3849
2291 2673
2292 2410
2293 2312
2293 2620
2293 2676
2293 2688
2293 2733
2293 2918
2293 2933
2293 2988
2293 3131
2293 3157
2293 3285
2293 3558
2294 3376
2294 3714
2296 3148
2298 2476
2299 2819
2299 3462
2301 3539
2302 2685
2302 3162
2302 3244
2302 3509
2302 2951
2303 2306
2303 2598
2303 2917
2305 2593
2305 2646
2306 2615
2307 2647
2307 3856
2308 2979
2308 3423
2308 3600
2310 2601
2310 3451
2311 2334
2313 2757
2314 3588
2314 3731
2316 3519
2316 2887
2317 3244
2317 3543
2318 2407
2318 3874
2318 2621
2318 3269
2319 2581
2319 3471
2321 2508
2323 3833
2323 3857
2325 2618
2326 3296
2328 3893
2329 2584
2329 2749
2329 3883
2333 2795
2336 2964
2338 2762
2338 3587
2338 2546
2339 2467
2339 3450
2339 3582
2339 3736
2340 2757
2340 2797
2340 3064
2340 3122
2340 3571
2343 2972
2347 2500
2347 3075
2347 3214
2347 3381
2348 3756
2349 3497
2350 2797
2351 2416
2351 2551
2351 2612
2351 2675
2351 2684
2351 3206
2351 3211
2351 3275
2351 3277
2351 3567
2351 3594
2351 3723
2351 3845
2351 3849
2351 2887
2351 3411
2352 3833
2352 3895
2355 2788
2355 3864
2355 3883
2356 3121
2356 3306
2356 3890
2357 2677
2359 3887
2359 3545
2360 2509
2360 2918
2360 3812
2362 2507
2363 2771
2363 3735
2364 2562
2365 3833
2366 3157
2368 3691
2371 3466
2373 3073
2374 3524
2375 2599
2375 3053
2376 3638
2378 3297
2378 3542
2380 3517
2380 3607
2382 3212
2383 2559
2383 3123
2383 3310
2384 2614
2386 3087
2387 2819
2387 2847
2387 3112
2390 2436
2392 2462
2392 3743
2393 3129
2395 3616
2396 2453
2396 3083
2396 3463
2396 3646
2397 2685
2398 2489
2398 3453
2399 2972
2399 2878
2400 2990
2403 2530
2404 3076
2404 3558
2404 3747
2405 3013
2405 3603
2406 2448
2407 3117
2407 3390
2407 3654
2408 2614
2408 3197
2410 2757
2410 3526
2410 3645
2410 3752
2412 3720
2414 2886
2415 3229
2416 2697
2416 3152
2416 3704
2416 3849
2417 2899
2420 3017
2421 3603
2425 2833
2426 3125
2426 3594
2428 3087
2428 3124
2430 2734
2430 3257
2431 2947
2431 2706
2434 2509
2435 3154
2436 3757
2436 2513
2436 2632
2436 2705
2436 2783
2436 3564
2436 3684
2436 3726
2437 2732
2438 2834
2440 3462
2440 3812
2441 2993
2442 3735
2444 3832
2446 3358
2447 2566
2448 3448
2449 2918
2451 3800
2452 3511
2453 3019
2453 3285
2456 2798
2458 2566
2458 3363
2458 3703
2458 3775
2458 3827
2461 2663
2462 2994
2462 3186
2462 3348
2462 3425
2462 3594
2462 3785
2462 3883
2463 3437
2465 2920
2468 3000
2468 3125
2469 3271
2469 3212
2470 2884
2471 3213
2474 2863
2474 3243
2476 2479
2476 3029
2476 3349
2476 3617
2476 3854
2477 2867
2477 3140
2478 3189
2479 3573
2479 3780
2481 3223
2481 3509
2482 3309
2482 3537
2482 3611
2483 2804
2483 3529
2486 2861
2487 2614
2489 3345
2489 3547
2491 3048
2491 3100
2491 3499
2492 2762
2492 2605
2493 3486
2493 3772
2494 2679
2494 2834
2494 2907
2494 3115
2494 3384
2494 3426
2494 3541
2495 3484
2500 3495
2501 3809
2503 3345
2504 2987
2504 3284
2505 2681
2506 3269
2507 2535
2508 3169
2509 2918
2509 3583
2509 3656
2510 2861
2510 3849
2510 3864
2512 2793
2512 3728
2515 2681
2515 2999
2515 3097
2516 3257
2518 3342
2519 2931
2519 2933
2520 3105
2520 3293
2520 3313
2520 3629
2521 3595
2522 2672
2524 3296
2524 3409
2525 2610
2527 2568
2528 3123
2529 3534
2530 3638
2532 3849
2532 2607
2533 3594
2534 3013
2535 3080
2535 3299
2537 3368
2539 3325
2540 3340
2541 2738
2541 2907
2542 2964
2543 2676
2543 3663
2546 3454
2547 3594
2550 2749
2550 3459
2552 3246
2553 3672
2555 2783
2556 3803
2557 3378
2560 3241
2561 3806
2562 2627
2562 2647
2562 3375
2562 3584
2562 3762
2565 3486
2566 3755
2566 3844
2566 2720
2566 2805
2566 2855
2566 2912
2566 3004
2566 3024
2566 3135
2566 3166
2566 3298
2566 3352
2566 3472
2566 3645
2566 3657
2566 3675
2566 3705
2566 3744
2566 3772
2566 3830
2566 3840
2566 3869
2567 3152
2568 3464
2569 2598
2570 2668
2572 2603
2572 2747
2572 2998
2573 3432
2576 2585
2576 3456
2577 2927
2577 3500
2577 3764
2577 3873
2578 3542
2579 2856
2579 3606
2580 3565
2581 3732
2582 2676
2582 3594
2584 2775
2584 3186
2584 3288
2584 3310
2587 3478
2587 3592
2588 2598
2590 3633
2590 3801
2591 3698
2592 3619
2593 2972
2593 3291
2593 3529
2593 3001
2593 3756
2594 3124
2596 3529
2597 3086
2599 3710
2600 2650
2600 3241
2601 3768
2602 2623
2603 3582
2604 3194
2604 3515
2605 2913
2605 2915
2605 3523
2606 3124
2609 3874
2610 3509
2610 3838
2611 3428
2614 3189
2614 3229
2614 3407
2615 2679
2615 2809
2615 2834
2615 3716
2616 2890
2617 3163
2617 3890
2618 3546
2618 3689
2619 3180
2619 3643
2621 3416
2622 2738
2622 3384
2625 3117
2625 3509
2625 3822
2628 3839
2629 2685
2631 3858
2633 2855
2634 3124
2637 3474
2638 3651
2643 3748
2644 3308
2645 3883
2646 2921
2647 3004
2647 3310
2647 3493
2649 3133
2650 3126
2651 2933
2652 3792
2653 2914
2654 2787
2654 2993
2657 2748
2657 3095
2658 3256
2658 3659
2659 3573
2661 2807
2662 2799
2662 3565
2662 3721
2665 2885
2665 2924
2665 3883
2666 2979
2666 3151
2666 3398
2667 2681
2667 3547
2670 3395
2671 3056
2671 3213
2674 2837
2675 2906
2675 3850
2675 3763
2676 2733
2676 3098
2676 3285
2676 3374
2679 2710
2679 3068
2679 3278
2680 3735
2681 2716
2681 2875
2681 2897
2681 2959
2681 3037
2681 3088
2681 3156
2681 3220
2681 3365
2681 3385
2681 3553
2681 3560
2681 3765
2681 3844
2682 3345
2683 3133
2683 3163
2683 3716
2684 2858
2684 2956
2684 3420
2684 3529
2684 3849
2684 3124
2684 3177
2685 2953
2685 3362
2685 3448
2685 3559
2685 3567
2685 2837
2685 3050
2685 3119
2685 3235
2685 3570
2685 3763
2685 3821
2685 3843
2685 3901
2686 3844
2686 2824
2686 3124
2687 3293
2687 3343
2688 3583
2690 3152
2692 3721
2693 3244
2694 3582
2695 2916
2695 3454
2696 3746
2699 2767
2703 2717
2703 3535
2706 3776
2707 3475
2707 3656
2707 3716
2710 2907
2710 3742
2713 3301
2714 3129
2714 3211
2714 3357
2715 2861
2717 2741
2717 3353
2720 3547
2720 3582
2720 3699
2721 3849
2721 3500
2722 2767
2722 3156
2723 3271
2723 3733
2724 3654
2724 2995
2724 3085
2724 3500
2725 3656
2727 3541
2728 3338
2730 3052
2733 3120
2733 3196
2733 3453
2733 3478
2734 3811
2737 3395
2737 3678
2737 3899
2738 2907
2738 3742
2740 2937
2741 3241
2743 2883
2744 3161
2747 2998
2747 3123
2747 3507
2751 3815
2753 3654
2753 2850
2754 3461
2757 3394
2757 3834
2758 3883
2760 3035
2760 3078
2760 3519
2760 3557
2760 3641
2761 2927
2761 3288
2761 3876
2762 3328
2762 3430
2762 3437
2762 3587
2762 3716
2764 3844
2764 3068
2765 2913
2766 3106
2767 3285
2770 3845
2771 2837
2772 3887
2773 2940
2776 2904
2779 3689
2780 3125
2780 3851
2782 3180
2783 3345
2783 3736
2784 3169
2785 3028
2787 2995
2787 3337
2788 3812
2789 2928
2792 3582
2793 3108
2793 3409
2793 3637
2796 3180
2797 3008
2797 3429
2797 2798
2798 3043
2802 3249
2802 2889
2806 3704
2806 3200
2807 3310
2809 3430
2815 3440
2816 3717
2817 3087
2818 2947
2819 3529
2819 2854
2819 2873
2819 3658
2820 3156
2820 3582
2820 3783
2820 3813
2821 3883
2822 2930
2823 2883
2824 3827
2824 3846
2825 3345
2826 3826
2827 3097
2834 2907
2834 3384
2836 3087
2839 3160
2839 3287
2840 3116
2846 3145
2846 3507
2848 2856
2848 3618
2849 3296
2849 3582
2850 2997
2852 3211
2853 3345
2856 2880
2856 3391
2857 2863
2858 3191
2861 3058
2863 2988
2863 3592
2863 3722
2863 3760
2865 3888
2866 2956
2866 3348
2866 3581
2866 3590
2867 3692
2868 3809
2869 3756
2870 3849
2872 3180
2872 3778
2873 3468
2875 3311
2877 3519
2879 3436
2880 3856
2882 3375
2882 3544
2883 3163
2887 2922
2887 3797
2888 3716
2892 3582
2892 3739
2894 3429
2894 3735
2895 3285
2895 3133
2895 3487
2898 3883
2900 3852
2901 3730
2901 3839
2902 2909
2905 3655
2905 3661
2907 3541
2907 3742
2907 3820
2909 3296
2909 3634
2910 3638
2913 2970
2913 3048
2913 3628
2913 3215
2913 3254
2913 3615
2916 3380
2918 3486
2918 3022
2918 3450
2918 3778
2918 3878
2919 3012
2920 3145
2920 3431
2921 3650
2922 3526
2922 3731
2922 3849
2924 3408
2925 3883
2926 3529
2930 3393
2931 3412
2932 3117
2932 3448
2933 3025
2933 3793
2934 3582
2939 3582
2940 3148
2940 3527
2941 3819
2943 3510
2944 2978
2946 3547
2947 3439
2949 3812
2950 3859
2952 3537
2954 3182
2954 3682
2954 3708
2954 3879
2954 3887
2955 3257
2957 3595
2959 3659
2961 3844
2963 3103
2963 3307
2964 3070
2964 3218
2964 3704
2969 3638
2970 3218
2970 3519
2970 3849
2970 3112
2970 3122
2970 3471
2970 3826
2971 3257
2972 3293
2972 3529
2972 3667
2973 3270
2978 3557
2979 3285
2979 3461
2982 3166
2983 3123
2986 3791
2987 3129
2988 3169
2991 2999
2991 3285
2991 3879
2991 3672
2992 3595
2993 3887
2993 3545
2993 3566
2994 3455
2996 3420
2996 3288
2998 3471
2999 3624
2999 3272
2999 3599
3002 3091
3002 3169
3002 3725
3004 3206
3007 3716
3008 3186
3008 3439
3008 3520
3015 3231
3015 3746
3018 3123
3020 3714
3023 3694
3025 3187
3026 3582
3028 3097
3028 3181
3028 3529
3028 3603
3028 3411
3029 3573
3030 3303
3031 3064
3034 3186
3035 3557
3036 3320
3036 3752
3037 3582
3037 3714
3038 3721
3041 3433
3043 3345
3043 3571
3044 3123
3044 3828
3045 3456
3047 3169
3048 3273
3048 3462
3048 3245
3049 3430
3049 3631
3050 3454
3054 3117
3054 3488
3054 3505
3055 3103
3055 3879
3057 3570
3060 3582
3065 3594
3066 3265
3066 3471
3075 3201
3075 3472
3075 3582
3075 3849
3075 3850
3076 3570
3078 3117
3078 3752
3078 3835
3079 3188
3080 3681
3081 3485
3083 3309
3083 3611
3084 3720
3087 3311
3087 3404
3087 3526
3088 3229
3088 3553
3088 3720
3088 3878
3088 3896
3090 3511
3097 3672
3101 3735
3103 3370
3103 3377
3104 3215
3104 3325
3104 3421
3105 3313
3106 3473
3108 3264
3109 3903
3110 3582
3110 3767
3112 3124
3112 3382
3112 3659
3117 3289
3117 3387
3117 3448
3117 3488
3117 3509
3117 3513
3117 3566
3117 3592
3117 3764
3120 3569
3121 3134
3121 3381
3122 3270
3122 3503
3122 3680
3122 3737
3122 3887
3123 3177
3123 3287
3123 3835
3123 3840
3124 3245
3124 3584
3124 3675
3124 3781
3124 3821
3125 3894
3125 3819
3127 3293
3127 3484
3128 3882
3129 3357
3129 3395
3129 3849
3132 3345
3132 3384
3133 3471
3133 3703
3133 3822
3138 3452
3138 3458
3143 3536
3145 3600
3145 3687
3145 3745
3155 3655
3160 3551
3165 3389
3166 3882
3166 3883
3167 3326
3167 3825
3168 3735
3169 3510
3170 3285
3172 3438
3174 3584
3179 3429
3179 3735
3182 3481
3185 3719
3186 3375
3190 3578
3191 3856
3193 3821
3194 3338
3194 3588
3197 3575
3197 3837
3199 3784
3200 3471
3200 3594
3200 3672
3200 3681
3202 3443
3202 3471
3202 3696
3203 3634
3204 3716
3208 3720
3211 3408
3215 3427
3217 3218
3218 3550
3218 3412
3221 3882
3222 3525
3223 3887
3225 3613
3227 3374
3229 3245
3229 3394
3229 3405
3229 3444
3231 3716
3233 3460
3238 3757
3239 3764
3240 3740
3241 3754
3241 3842
3243 3845
3244 3423
3244 3466
3246 3519
3249 3653
3253 3257
3259 3471
3260 3384
3263 3852
3264 3355
3265 3724
3266 3512
3271 3733
3271 3898
3274 3573
3279 3604
3280 3638
3281 3515
3285 3844
3285 3659
3285 3808
3285 3851
3290 3684
3290 3757
3292 3423
3293 3886
3293 3888
3296 3314
3296 3609
3296 3772
3303 3391
3303 3740
3304 3395
3306 3545
3307 3883
3308 3698
3309 3525
3310 3525
3310 3634
3311 3660
3311 3410
3311 3802
3313 3417
3313 3602
3313 3775
3313 3658
3315 3372
3317 3443
3317 3519
3317 3545
3317 3672
3319 3718
3319 3847
3321 3571
3330 3392
3331 3582
3332 3582
3337 3513
3339 3381
3339 3437
3340 3429
3342 3555
3344 3716
3345 3759
3354 3547
3356 3830
3358 3775
3361 3803
3363 3462
3364 3765
3365 3883
3367 3519
3367 3741
3368 3442
3379 3461
3386 3430
3387 3723
3387 3887
3387 3566
3388 3803
3393 3603
3395 3471
3395 3474
3395 3554
3395 3790
3395 3862
3404 3686
3411 3594
3415 3442
3416 3562
3420 3582
3420 3681
3421 3458
3422 3433
3425 3721
3425 3818
3428 3740
3431 3666
3434 3781
3436 3571
3436 3879
3437 3793
3439 3582
3445 3824
3447 3772
3453 3736
3456 3887
3458 3878
3459 3501
3469 3519
3470 3511
3471 3507
3471 3645
3471 3858
3471 3883
3474 3633
3476 3556
3479 3792
3480 3606
3482 3613
3484 3683
3485 3834
3486 3782
3493 3890
3497 3880
3497 3895
3504 3858
3507 3740
3509 3566
3509 3672
3509 3686
3509 3689
3509 3802
3514 3595
3515 3634
3515 3890
3516 3880
3517 3735
3518 3689
3519 3706
3520 3594
3522 3653
3524 3716
3526 3731
3526 3752
3529 3603
3532 3638
3539 3784
3547 3591
3547 3737
3547 3796
3558 3826
3561 3689
3573 3643
3573 3761
3573 3672
3578 3810
3582 3650
3582 3740
3582 3844
3582 3634
3582 3688
3582 3734
3582 3778
3582 3875
3587 3716
3587 3867
3588 3731
3590 3613
3590 3715
3591 3721
3595 3732
3595 3746
3595 3887
3606 3819
3607 3735
3610 3833
3625 3864
3629 3725
3629 3865
3634 3666
3650 3862
3653 3823
3653 3840
3656 3691
3658 3794
3667 3903
3671 3904
3672 3752
3672 3856
3672 3891
3708 3776
3714 3835
3716 3894
3716 3875
3721 3875
3731 3752
3733 3898
3735 3741
3736 3792
3736 3807
3737 3876
3739 3842
3751 3878
3754 3894
3760 3790
3778 3875
3784 3834
3787 3883
3789 3879
3790 3899
3790 3905
3799 3867
3818 3883
3863 3892
3875 3883
